#File name: D:\kx02量子试验计划制定软件\plan test\J2K2CZ05-for Quantum_v1.2\2月16日下午短期计划\SE201702160114LJ\KX02_SE_B20170216_01_14LJ_deframe.txt
#Satellite: DAMPE
#REF_FRAME: J2000
#Created: 2017-02-16T15:23:23
#Created: 2017-02-16T15:23:23
#Prepared by University of Science and Technology of China
#Please send comments and suggestions to lfz@ustc.edu.cn
#-----------------------------------------------------------------------------------------------
实验任务类型:星地量子纠缠分发
地面站代号:LJZ
N T B Lon Lat Alt X Y Z VX VY VZ
2818 2017-02-16T17:33:09 2017-02-16T17:33:09 103.238 44.107 508501.100 -4412778.357 2232198.442 4777914.985 -4043.910 3556.211 -5376.406
2818 2017-02-16T17:33:10 2017-02-16T17:33:10 103.218 44.044 508491.700 -4416819.701 2235753.405 4772535.470 -4038.508 3553.478 -5382.265
2818 2017-02-16T17:33:11 2017-02-16T17:33:11 103.198 43.982 508482.200 -4420855.641 2239305.633 4767150.099 -4033.102 3550.740 -5388.117
2818 2017-02-16T17:33:12 2017-02-16T17:33:12 103.178 43.919 508472.700 -4424886.172 2242855.120 4761758.879 -4027.690 3547.998 -5393.963
2818 2017-02-16T17:33:13 2017-02-16T17:33:13 103.159 43.857 508463.300 -4428911.288 2246401.863 4756361.816 -4022.274 3545.251 -5399.802
2818 2017-02-16T17:33:14 2017-02-16T17:33:14 103.139 43.795 508453.800 -4432930.986 2249945.857 4750958.918 -4016.853 3542.500 -5405.635
2818 2017-02-16T17:33:15 2017-02-16T17:33:15 103.119 43.732 508444.400 -4436945.259 2253487.097 4745550.189 -4011.426 3539.745 -5411.461
2818 2017-02-16T17:33:16 2017-02-16T17:33:16 103.100 43.670 508434.900 -4440954.104 2257025.581 4740135.638 -4005.995 3536.986 -5417.280
2818 2017-02-16T17:33:17 2017-02-16T17:33:17 103.080 43.607 508425.400 -4444957.515 2260561.303 4734715.271 -4000.559 3534.222 -5423.093
2818 2017-02-16T17:33:18 2017-02-16T17:33:18 103.060 43.545 508415.900 -4448955.487 2264094.258 4729289.094 -3995.118 3531.454 -5428.899
2818 2017-02-16T17:33:19 2017-02-16T17:33:19 103.041 43.483 508406.500 -4452948.015 2267624.443 4723857.115 -3989.672 3528.681 -5434.698
2818 2017-02-16T17:33:20 2017-02-16T17:33:20 103.021 43.420 508397.000 -4456935.095 2271151.853 4718419.339 -3984.221 3525.904 -5440.491
2818 2017-02-16T17:33:21 2017-02-16T17:33:21 103.002 43.358 508387.500 -4460916.722 2274676.485 4712975.773 -3978.766 3523.123 -5446.277
2818 2017-02-16T17:33:22 2017-02-16T17:33:22 102.982 43.295 508378.000 -4464892.890 2278198.332 4707526.425 -3973.305 3520.338 -5452.056
2818 2017-02-16T17:33:23 2017-02-16T17:33:23 102.963 43.233 508368.600 -4468863.595 2281717.392 4702071.301 -3967.840 3517.548 -5457.829
2818 2017-02-16T17:33:24 2017-02-16T17:33:24 102.944 43.170 508359.100 -4472828.832 2285233.660 4696610.407 -3962.369 3514.754 -5463.595
2818 2017-02-16T17:33:25 2017-02-16T17:33:25 102.924 43.108 508349.600 -4476788.596 2288747.132 4691143.750 -3956.894 3511.955 -5469.354
2818 2017-02-16T17:33:26 2017-02-16T17:33:26 102.905 43.045 508340.100 -4480742.882 2292257.803 4685671.337 -3951.414 3509.153 -5475.107
2818 2017-02-16T17:33:27 2017-02-16T17:33:27 102.885 42.983 508330.600 -4484691.686 2295765.669 4680193.175 -3945.930 3506.346 -5480.852
2818 2017-02-16T17:33:28 2017-02-16T17:33:28 102.866 42.921 508321.100 -4488635.002 2299270.726 4674709.269 -3940.440 3503.534 -5486.592
2818 2017-02-16T17:33:29 2017-02-16T17:33:29 102.847 42.858 508311.700 -4492568.892 2302769.469 4669225.120 -3934.951 3500.721 -5492.318
2818 2017-02-16T17:33:30 2017-02-16T17:33:30 102.828 42.796 508302.200 -4496501.224 2306268.897 4663729.756 -3929.452 3497.902 -5498.044
2818 2017-02-16T17:33:31 2017-02-16T17:33:31 102.809 42.733 508292.700 -4500428.055 2309765.503 4658228.669 -3923.947 3495.077 -5503.763
2818 2017-02-16T17:33:32 2017-02-16T17:33:32 102.790 42.671 508283.200 -4504349.378 2313259.283 4652721.866 -3918.438 3492.249 -5509.475
2818 2017-02-16T17:33:33 2017-02-16T17:33:33 102.770 42.608 508273.700 -4508265.191 2316750.232 4647209.354 -3912.925 3489.416 -5515.181
2818 2017-02-16T17:33:34 2017-02-16T17:33:34 102.751 42.546 508264.200 -4512175.487 2320238.347 4641691.139 -3907.406 3486.579 -5520.880
2818 2017-02-16T17:33:35 2017-02-16T17:33:35 102.732 42.483 508254.700 -4516080.261 2323723.622 4636167.230 -3901.883 3483.738 -5526.571
2818 2017-02-16T17:33:36 2017-02-16T17:33:36 102.713 42.421 508245.200 -4519979.510 2327206.053 4630637.631 -3896.355 3480.893 -5532.257
2818 2017-02-16T17:33:37 2017-02-16T17:33:37 102.694 42.358 508235.700 -4523873.228 2330685.637 4625102.350 -3890.822 3478.043 -5537.935
2818 2017-02-16T17:33:38 2017-02-16T17:33:38 102.675 42.296 508226.200 -4527761.411 2334162.369 4619561.395 -3885.284 3475.189 -5543.607
2818 2017-02-16T17:33:39 2017-02-16T17:33:39 102.656 42.233 508216.800 -4531644.054 2337636.245 4614014.770 -3879.742 3472.330 -5549.272
2818 2017-02-16T17:33:40 2017-02-16T17:33:40 102.637 42.171 508207.300 -4535521.151 2341107.260 4608462.485 -3874.195 3469.468 -5554.930
2818 2017-02-16T17:33:41 2017-02-16T17:33:41 102.618 42.108 508197.800 -4539392.699 2344575.410 4602904.544 -3868.643 3466.601 -5560.581
2818 2017-02-16T17:33:42 2017-02-16T17:33:42 102.600 42.046 508188.300 -4543258.692 2348040.691 4597340.955 -3863.086 3463.730 -5566.225
2818 2017-02-16T17:33:43 2017-02-16T17:33:43 102.581 41.983 508178.800 -4547119.127 2351503.099 4591771.725 -3857.525 3460.855 -5571.863
2818 2017-02-16T17:33:44 2017-02-16T17:33:44 102.562 41.921 508169.300 -4550973.997 2354962.630 4586196.861 -3851.958 3457.975 -5577.494
2818 2017-02-16T17:33:45 2017-02-16T17:33:45 102.543 41.858 508159.800 -4554823.298 2358419.278 4580616.369 -3846.388 3455.092 -5583.118
2818 2017-02-16T17:33:46 2017-02-16T17:33:46 102.524 41.796 508150.300 -4558667.026 2361873.041 4575030.257 -3840.812 3452.204 -5588.735
2818 2017-02-16T17:33:47 2017-02-16T17:33:47 102.506 41.733 508140.800 -4562505.176 2365323.914 4569438.531 -3835.232 3449.311 -5594.345
2818 2017-02-16T17:33:48 2017-02-16T17:33:48 102.487 41.671 508131.300 -4566337.743 2368771.892 4563841.197 -3829.647 3446.415 -5599.948
2818 2017-02-16T17:33:49 2017-02-16T17:33:49 102.468 41.608 508121.800 -4570164.723 2372216.972 4558238.264 -3824.057 3443.514 -5605.545
2818 2017-02-16T17:33:50 2017-02-16T17:33:50 102.450 41.546 508112.400 -4573986.110 2375659.148 4552629.737 -3818.463 3440.609 -5611.134
2818 2017-02-16T17:33:51 2017-02-16T17:33:51 102.431 41.483 508102.900 -4577801.901 2379098.418 4547015.624 -3812.864 3437.700 -5616.717
2818 2017-02-16T17:33:52 2017-02-16T17:33:52 102.413 41.421 508093.400 -4581612.090 2382534.776 4541395.931 -3807.260 3434.787 -5622.293
2818 2017-02-16T17:33:53 2017-02-16T17:33:53 102.394 41.358 508083.900 -4585416.673 2385968.219 4535770.666 -3801.652 3431.869 -5627.862
2818 2017-02-16T17:33:54 2017-02-16T17:33:54 102.376 41.296 508074.400 -4589215.644 2389398.742 4530139.835 -3796.039 3428.948 -5633.424
2818 2017-02-16T17:33:55 2017-02-16T17:33:55 102.357 41.233 508064.900 -4593009.001 2392826.341 4524503.445 -3790.421 3426.022 -5638.979
2818 2017-02-16T17:33:56 2017-02-16T17:33:56 102.339 41.171 508055.500 -4596796.737 2396251.012 4518861.503 -3784.799 3423.092 -5644.528
2818 2017-02-16T17:33:57 2017-02-16T17:33:57 102.320 41.108 508046.000 -4600578.848 2399672.751 4513214.016 -3779.172 3420.157 -5650.069
2818 2017-02-16T17:33:58 2017-02-16T17:33:58 102.302 41.046 508036.500 -4604355.330 2403091.553 4507560.991 -3773.540 3417.219 -5655.604
2818 2017-02-16T17:33:59 2017-02-16T17:33:59 102.283 40.983 508027.000 -4608122.410 2406504.000 4501908.096 -3767.909 3414.279 -5661.126
2818 2017-02-16T17:34:00 2017-02-16T17:34:00 102.265 40.921 508017.500 -4611887.624 2409916.920 4496244.021 -3762.268 3411.332 -5666.646
2818 2017-02-16T17:34:01 2017-02-16T17:34:01 102.247 40.858 508008.100 -4615647.195 2413326.890 4490574.429 -3756.623 3408.381 -5672.160
2818 2017-02-16T17:34:02 2017-02-16T17:34:02 102.228 40.796 507998.600 -4619401.119 2416733.908 4484899.327 -3750.973 3405.426 -5677.667
2818 2017-02-16T17:34:03 2017-02-16T17:34:03 102.210 40.733 507989.100 -4623149.389 2420137.968 4479218.721 -3745.318 3402.467 -5683.166
2818 2017-02-16T17:34:04 2017-02-16T17:34:04 102.192 40.670 507979.700 -4626892.003 2423539.066 4473532.618 -3739.659 3399.503 -5688.659
2818 2017-02-16T17:34:05 2017-02-16T17:34:05 102.174 40.608 507970.200 -4630628.954 2426937.198 4467841.026 -3733.995 3396.535 -5694.145
2818 2017-02-16T17:34:06 2017-02-16T17:34:06 102.155 40.545 507960.700 -4634360.240 2430332.361 4462143.952 -3728.327 3393.563 -5699.624
2818 2017-02-16T17:34:07 2017-02-16T17:34:07 102.137 40.483 507951.300 -4638085.854 2433724.550 4456441.402 -3722.654 3390.587 -5705.096
2818 2017-02-16T17:34:08 2017-02-16T17:34:08 102.119 40.420 507941.800 -4641805.793 2437113.760 4450733.384 -3716.976 3387.607 -5710.560
2818 2017-02-16T17:34:09 2017-02-16T17:34:09 102.101 40.358 507932.400 -4645520.052 2440499.988 4445019.904 -3711.294 3384.623 -5716.018
2818 2017-02-16T17:34:10 2017-02-16T17:34:10 102.083 40.295 507922.900 -4649228.627 2443883.230 4439300.969 -3705.607 3381.634 -5721.469
2818 2017-02-16T17:34:11 2017-02-16T17:34:11 102.065 40.233 507913.500 -4652931.512 2447263.481 4433576.587 -3699.916 3378.642 -5726.913
2818 2017-02-16T17:34:12 2017-02-16T17:34:12 102.047 40.170 507904.000 -4656628.704 2450640.737 4427846.764 -3694.220 3375.645 -5732.350
2818 2017-02-16T17:34:13 2017-02-16T17:34:13 102.029 40.107 507894.600 -4660320.197 2454014.994 4422111.508 -3688.520 3372.644 -5737.780
2818 2017-02-16T17:34:14 2017-02-16T17:34:14 102.011 40.045 507885.100 -4664005.988 2457386.248 4416370.826 -3682.815 3369.639 -5743.202
2818 2017-02-16T17:34:15 2017-02-16T17:34:15 101.993 39.982 507875.700 -4667686.071 2460754.495 4410624.724 -3677.106 3366.630 -5748.618
2818 2017-02-16T17:34:16 2017-02-16T17:34:16 101.975 39.920 507866.200 -4671360.443 2464119.731 4404873.209 -3671.392 3363.617 -5754.027
2818 2017-02-16T17:34:17 2017-02-16T17:34:17 101.957 39.857 507856.800 -4675029.098 2467481.951 4399116.290 -3665.674 3360.599 -5759.428
2818 2017-02-16T17:34:18 2017-02-16T17:34:18 101.939 39.794 507847.400 -4678692.033 2470841.152 4393353.972 -3659.951 3357.578 -5764.823
2818 2017-02-16T17:34:19 2017-02-16T17:34:19 101.921 39.732 507838.000 -4682349.242 2474197.329 4387586.263 -3654.224 3354.552 -5770.211
2818 2017-02-16T17:34:20 2017-02-16T17:34:20 101.903 39.669 507828.500 -4686000.722 2477550.478 4381813.169 -3648.492 3351.522 -5775.591
2818 2017-02-16T17:34:21 2017-02-16T17:34:21 101.885 39.607 507819.100 -4689646.467 2480900.595 4376034.699 -3642.756 3348.489 -5780.964
2818 2017-02-16T17:34:22 2017-02-16T17:34:22 101.868 39.544 507809.700 -4693286.474 2484247.676 4370250.858 -3637.015 3345.451 -5786.331
2818 2017-02-16T17:34:23 2017-02-16T17:34:23 101.850 39.482 507800.300 -4696920.737 2487591.717 4364461.655 -3631.270 3342.409 -5791.690
2818 2017-02-16T17:34:24 2017-02-16T17:34:24 101.832 39.419 507790.900 -4700549.253 2490932.714 4358667.096 -3625.520 3339.362 -5797.042
2818 2017-02-16T17:34:25 2017-02-16T17:34:25 101.814 39.356 507781.500 -4704172.017 2494270.663 4352867.188 -3619.766 3336.312 -5802.387
2818 2017-02-16T17:34:26 2017-02-16T17:34:26 101.797 39.294 507772.100 -4707789.024 2497605.559 4347061.938 -3614.007 3333.258 -5807.725
2818 2017-02-16T17:34:27 2017-02-16T17:34:27 101.779 39.231 507762.700 -4711400.270 2500937.399 4341251.354 -3608.244 3330.199 -5813.056
2818 2017-02-16T17:34:28 2017-02-16T17:34:28 101.761 39.169 507753.300 -4715005.751 2504266.178 4335435.443 -3602.477 3327.137 -5818.379
2818 2017-02-16T17:34:29 2017-02-16T17:34:29 101.744 39.106 507743.900 -4718601.866 2507588.569 4329620.034 -3596.711 3324.073 -5823.690
2818 2017-02-16T17:34:30 2017-02-16T17:34:30 101.726 39.044 507734.500 -4722195.809 2510911.218 4323793.495 -3590.935 3321.003 -5829.000
2818 2017-02-16T17:34:31 2017-02-16T17:34:31 101.709 38.981 507725.100 -4725783.973 2514230.794 4317961.649 -3585.154 3317.928 -5834.302
2818 2017-02-16T17:34:32 2017-02-16T17:34:32 101.691 38.918 507715.700 -4729366.354 2517547.294 4312124.505 -3579.369 3314.849 -5839.597
2818 2017-02-16T17:34:33 2017-02-16T17:34:33 101.674 38.856 507706.400 -4732942.947 2520860.712 4306282.069 -3573.580 3311.767 -5844.885
2818 2017-02-16T17:34:34 2017-02-16T17:34:34 101.656 38.793 507697.000 -4736513.749 2524171.046 4300434.349 -3567.786 3308.680 -5850.166
2818 2017-02-16T17:34:35 2017-02-16T17:34:35 101.638 38.730 507687.600 -4740078.755 2527478.291 4294581.351 -3561.988 3305.589 -5855.439
2818 2017-02-16T17:34:36 2017-02-16T17:34:36 101.621 38.668 507678.300 -4743637.960 2530782.442 4288723.083 -3556.185 3302.494 -5860.706
2818 2017-02-16T17:34:37 2017-02-16T17:34:37 101.604 38.605 507668.900 -4747191.360 2534083.496 4282859.552 -3550.378 3299.395 -5865.965
2818 2017-02-16T17:34:38 2017-02-16T17:34:38 101.586 38.542 507659.600 -4750738.951 2537381.450 4276990.765 -3544.567 3296.292 -5871.217
2818 2017-02-16T17:34:39 2017-02-16T17:34:39 101.569 38.480 507650.200 -4754280.729 2540676.298 4271116.729 -3538.751 3293.185 -5876.462
2818 2017-02-16T17:34:40 2017-02-16T17:34:40 101.551 38.417 507640.900 -4757816.688 2543968.036 4265237.452 -3532.931 3290.073 -5881.700
2818 2017-02-16T17:34:41 2017-02-16T17:34:41 101.534 38.355 507631.500 -4761346.825 2547256.662 4259352.941 -3527.107 3286.958 -5886.930
2818 2017-02-16T17:34:42 2017-02-16T17:34:42 101.517 38.292 507622.200 -4764871.136 2550542.170 4253463.203 -3521.279 3283.839 -5892.153
2818 2017-02-16T17:34:43 2017-02-16T17:34:43 101.499 38.229 507612.900 -4768389.615 2553824.557 4247568.245 -3515.446 3280.716 -5897.369
2818 2017-02-16T17:34:44 2017-02-16T17:34:44 101.482 38.167 507603.600 -4771902.259 2557103.819 4241668.075 -3509.608 3277.589 -5902.578
2818 2017-02-16T17:34:45 2017-02-16T17:34:45 101.465 38.104 507594.200 -4775409.064 2560379.951 4235762.699 -3503.767 3274.457 -5907.779
2818 2017-02-16T17:34:46 2017-02-16T17:34:46 101.448 38.041 507584.900 -4778910.025 2563652.950 4229852.125 -3497.921 3271.322 -5912.974
2818 2017-02-16T17:34:47 2017-02-16T17:34:47 101.430 37.979 507575.600 -4782405.137 2566922.811 4223936.360 -3492.071 3268.183 -5918.161
2818 2017-02-16T17:34:48 2017-02-16T17:34:48 101.413 37.916 507566.300 -4785894.397 2570189.532 4218015.412 -3486.216 3265.039 -5923.341
2818 2017-02-16T17:34:49 2017-02-16T17:34:49 101.396 37.853 507557.000 -4789377.801 2573453.106 4212089.287 -3480.358 3261.892 -5928.513
2818 2017-02-16T17:34:50 2017-02-16T17:34:50 101.379 37.791 507547.800 -4792855.343 2576713.532 4206157.993 -3474.495 3258.741 -5933.678
2818 2017-02-16T17:34:51 2017-02-16T17:34:51 101.362 37.728 507538.500 -4796327.020 2579970.804 4200221.538 -3468.628 3255.586 -5938.836
2818 2017-02-16T17:34:52 2017-02-16T17:34:52 101.345 37.666 507529.200 -4799792.828 2583224.918 4194279.927 -3462.756 3252.426 -5943.987
2818 2017-02-16T17:34:53 2017-02-16T17:34:53 101.328 37.603 507519.900 -4803252.761 2586475.871 4188333.170 -3456.880 3249.263 -5949.131
2818 2017-02-16T17:34:54 2017-02-16T17:34:54 101.311 37.540 507510.700 -4806706.817 2589723.659 4182381.273 -3451.000 3246.096 -5954.267
2818 2017-02-16T17:34:55 2017-02-16T17:34:55 101.293 37.477 507501.400 -4810154.990 2592968.278 4176424.243 -3445.116 3242.925 -5959.396
2818 2017-02-16T17:34:56 2017-02-16T17:34:56 101.277 37.415 507492.200 -4813597.277 2596209.723 4170462.087 -3439.228 3239.750 -5964.517
2818 2017-02-16T17:34:57 2017-02-16T17:34:57 101.260 37.352 507482.900 -4817033.673 2599447.991 4164494.814 -3433.335 3236.570 -5969.631
2818 2017-02-16T17:34:58 2017-02-16T17:34:58 101.243 37.289 507473.700 -4820464.175 2602683.078 4158522.430 -3427.438 3233.387 -5974.738
2818 2017-02-16T17:34:59 2017-02-16T17:34:59 101.226 37.227 507464.500 -4823885.355 2605911.749 4152550.922 -3421.543 3230.203 -5979.833
2818 2017-02-16T17:35:00 2017-02-16T17:35:00 101.209 37.164 507455.200 -4827304.060 2609140.465 4146568.343 -3415.638 3227.012 -5984.925
2818 2017-02-16T17:35:01 2017-02-16T17:35:01 101.192 37.102 507446.000 -4830716.857 2612365.987 4140580.676 -3409.729 3223.817 -5990.010
2818 2017-02-16T17:35:02 2017-02-16T17:35:02 101.175 37.039 507436.800 -4834123.743 2615588.313 4134587.927 -3403.815 3220.618 -5995.088
2818 2017-02-16T17:35:03 2017-02-16T17:35:03 101.158 36.976 507427.600 -4837524.712 2618807.437 4128590.104 -3397.897 3217.416 -6000.158
2818 2017-02-16T17:35:04 2017-02-16T17:35:04 101.141 36.913 507418.400 -4840919.762 2622023.357 4122587.215 -3391.975 3214.209 -6005.221
2818 2017-02-16T17:35:05 2017-02-16T17:35:05 101.124 36.851 507409.200 -4844308.887 2625236.067 4116579.266 -3386.049 3210.998 -6010.276
2818 2017-02-16T17:35:06 2017-02-16T17:35:06 101.108 36.788 507400.000 -4847692.084 2628445.565 4110566.265 -3380.119 3207.783 -6015.324
2818 2017-02-16T17:35:07 2017-02-16T17:35:07 101.091 36.725 507390.900 -4851069.348 2631651.846 4104548.219 -3374.184 3204.565 -6020.365
2818 2017-02-16T17:35:08 2017-02-16T17:35:08 101.074 36.663 507381.700 -4854440.675 2634854.906 4098525.136 -3368.246 3201.342 -6025.399
2818 2017-02-16T17:35:09 2017-02-16T17:35:09 101.057 36.600 507372.500 -4857806.062 2638054.742 4092497.024 -3362.303 3198.116 -6030.425
2818 2017-02-16T17:35:10 2017-02-16T17:35:10 101.040 36.537 507363.400 -4861165.504 2641251.349 4086463.888 -3356.356 3194.885 -6035.443
2818 2017-02-16T17:35:11 2017-02-16T17:35:11 101.024 36.475 507354.200 -4864518.996 2644444.723 4080425.738 -3350.405 3191.651 -6040.454
2818 2017-02-16T17:35:12 2017-02-16T17:35:12 101.007 36.412 507345.100 -4867866.536 2647634.862 4074382.580 -3344.450 3188.413 -6045.458
2818 2017-02-16T17:35:13 2017-02-16T17:35:13 100.990 36.349 507336.000 -4871208.118 2650821.760 4068334.422 -3338.491 3185.171 -6050.455
2818 2017-02-16T17:35:14 2017-02-16T17:35:14 100.974 36.287 507326.800 -4874543.739 2654005.413 4062281.270 -3332.528 3181.924 -6055.444
2818 2017-02-16T17:35:15 2017-02-16T17:35:15 100.957 36.224 507317.700 -4877873.394 2657185.819 4056223.134 -3326.560 3178.675 -6060.425
2818 2017-02-16T17:35:16 2017-02-16T17:35:16 100.941 36.161 507308.600 -4881197.080 2660362.973 4050160.019 -3320.589 3175.421 -6065.399
2818 2017-02-16T17:35:17 2017-02-16T17:35:17 100.924 36.099 507299.500 -4884514.792 2663536.871 4044091.934 -3314.614 3172.163 -6070.366
2818 2017-02-16T17:35:18 2017-02-16T17:35:18 100.907 36.036 507290.400 -4887826.526 2666707.509 4038018.885 -3308.634 3168.901 -6075.325
2818 2017-02-16T17:35:19 2017-02-16T17:35:19 100.891 35.973 507281.300 -4891132.279 2669874.883 4031940.881 -3302.650 3165.636 -6080.277
2818 2017-02-16T17:35:20 2017-02-16T17:35:20 100.874 35.910 507272.300 -4894432.045 2673038.990 4025857.929 -3296.663 3162.367 -6085.222
2818 2017-02-16T17:35:21 2017-02-16T17:35:21 100.858 35.848 507263.200 -4897725.822 2676199.825 4019770.036 -3290.671 3159.093 -6090.159
2818 2017-02-16T17:35:22 2017-02-16T17:35:22 100.841 35.785 507254.100 -4901013.605 2679357.385 4013677.209 -3284.675 3155.816 -6095.088
2818 2017-02-16T17:35:23 2017-02-16T17:35:23 100.825 35.722 507245.100 -4904295.390 2682511.666 4007579.457 -3278.675 3152.535 -6100.010
2818 2017-02-16T17:35:24 2017-02-16T17:35:24 100.808 35.660 507236.000 -4907571.172 2685662.664 4001476.786 -3272.672 3149.250 -6104.924
2818 2017-02-16T17:35:25 2017-02-16T17:35:25 100.792 35.597 507227.000 -4910840.949 2688810.375 3995369.204 -3266.664 3145.962 -6109.831
2818 2017-02-16T17:35:26 2017-02-16T17:35:26 100.776 35.534 507218.000 -4914104.716 2691954.796 3989256.719 -3260.652 3142.669 -6114.731
2818 2017-02-16T17:35:27 2017-02-16T17:35:27 100.759 35.471 507209.000 -4917362.469 2695095.922 3983139.338 -3254.636 3139.373 -6119.623
2818 2017-02-16T17:35:28 2017-02-16T17:35:28 100.743 35.409 507200.000 -4920614.203 2698233.749 3977017.069 -3248.616 3136.072 -6124.507
2818 2017-02-16T17:35:29 2017-02-16T17:35:29 100.727 35.346 507191.000 -4923856.674 2701365.141 3970896.047 -3242.598 3132.772 -6129.380
2818 2017-02-16T17:35:30 2017-02-16T17:35:30 100.710 35.283 507182.000 -4927096.366 2704496.363 3964764.028 -3236.571 3129.464 -6134.249
2818 2017-02-16T17:35:31 2017-02-16T17:35:31 100.694 35.221 507173.000 -4930330.029 2707624.275 3958627.143 -3230.539 3126.152 -6139.111
2818 2017-02-16T17:35:32 2017-02-16T17:35:32 100.677 35.158 507164.000 -4933557.658 2710748.874 3952485.400 -3224.503 3122.836 -6143.966
2818 2017-02-16T17:35:33 2017-02-16T17:35:33 100.661 35.095 507155.100 -4936779.249 2713870.155 3946338.806 -3218.464 3119.517 -6148.812
2818 2017-02-16T17:35:34 2017-02-16T17:35:34 100.645 35.032 507146.100 -4939994.798 2716988.114 3940187.369 -3212.420 3116.194 -6153.652
2818 2017-02-16T17:35:35 2017-02-16T17:35:35 100.629 34.969 507137.200 -4943204.301 2720102.748 3934031.095 -3206.372 3112.867 -6158.484
2818 2017-02-16T17:35:36 2017-02-16T17:35:36 100.613 34.907 507128.200 -4946407.754 2723214.053 3927869.994 -3200.321 3109.536 -6163.308
2818 2017-02-16T17:35:37 2017-02-16T17:35:37 100.596 34.844 507119.300 -4949605.154 2726322.025 3921704.072 -3194.265 3106.201 -6168.125
2818 2017-02-16T17:35:38 2017-02-16T17:35:38 100.580 34.781 507110.400 -4952796.496 2729426.660 3915533.336 -3188.206 3102.862 -6172.934
2818 2017-02-16T17:35:39 2017-02-16T17:35:39 100.564 34.718 507101.500 -4955981.777 2732527.955 3909357.796 -3182.143 3099.520 -6177.735
2818 2017-02-16T17:35:40 2017-02-16T17:35:40 100.548 34.656 507092.600 -4959160.992 2735625.905 3903177.457 -3176.076 3096.174 -6182.529
2818 2017-02-16T17:35:41 2017-02-16T17:35:41 100.532 34.593 507083.700 -4962334.138 2738720.508 3896992.328 -3170.005 3092.824 -6187.316
2818 2017-02-16T17:35:42 2017-02-16T17:35:42 100.516 34.530 507074.800 -4965501.211 2741811.758 3890802.416 -3163.930 3089.470 -6192.095
2818 2017-02-16T17:35:43 2017-02-16T17:35:43 100.499 34.468 507066.000 -4968662.207 2744899.653 3884607.729 -3157.851 3086.113 -6196.866
2818 2017-02-16T17:35:44 2017-02-16T17:35:44 100.483 34.405 507057.100 -4971817.121 2747984.188 3878408.274 -3151.768 3082.752 -6201.630
2818 2017-02-16T17:35:45 2017-02-16T17:35:45 100.467 34.342 507048.300 -4974965.951 2751065.360 3872204.059 -3145.681 3079.387 -6206.386
2818 2017-02-16T17:35:46 2017-02-16T17:35:46 100.451 34.279 507039.400 -4978108.692 2754143.165 3865995.092 -3139.591 3076.018 -6211.134
2818 2017-02-16T17:35:47 2017-02-16T17:35:47 100.435 34.217 507030.600 -4981245.341 2757217.599 3859781.380 -3133.497 3072.645 -6215.875
2818 2017-02-16T17:35:48 2017-02-16T17:35:48 100.419 34.154 507021.800 -4984375.893 2760288.659 3853562.931 -3127.399 3069.269 -6220.608
2818 2017-02-16T17:35:49 2017-02-16T17:35:49 100.403 34.091 507013.000 -4987500.345 2763356.340 3847339.752 -3121.297 3065.889 -6225.334
2818 2017-02-16T17:35:50 2017-02-16T17:35:50 100.387 34.028 507004.200 -4990618.692 2766420.639 3841111.851 -3115.191 3062.505 -6230.052
2818 2017-02-16T17:35:51 2017-02-16T17:35:51 100.371 33.965 506995.400 -4993730.932 2769481.552 3834879.236 -3109.081 3059.117 -6234.762
2818 2017-02-16T17:35:52 2017-02-16T17:35:52 100.355 33.903 506986.700 -4996837.060 2772539.076 3828641.914 -3102.968 3055.726 -6239.465
2818 2017-02-16T17:35:53 2017-02-16T17:35:53 100.339 33.840 506977.900 -4999937.073 2775593.206 3822399.894 -3096.850 3052.331 -6244.160
2818 2017-02-16T17:35:54 2017-02-16T17:35:54 100.324 33.777 506969.100 -5003030.966 2778643.939 3816153.182 -3090.729 3048.932 -6248.847
2818 2017-02-16T17:35:55 2017-02-16T17:35:55 100.308 33.714 506960.400 -5006118.736 2781691.272 3809901.786 -3084.605 3045.529 -6253.527
2818 2017-02-16T17:35:56 2017-02-16T17:35:56 100.292 33.651 506951.700 -5009200.379 2784735.199 3803645.714 -3078.476 3042.123 -6258.199
2818 2017-02-16T17:35:57 2017-02-16T17:35:57 100.276 33.589 506943.000 -5012275.891 2787775.719 3797384.974 -3072.343 3038.713 -6262.863
2818 2017-02-16T17:35:58 2017-02-16T17:35:58 100.260 33.526 506934.300 -5015345.269 2790812.826 3791119.574 -3066.207 3035.299 -6267.520
2818 2017-02-16T17:35:59 2017-02-16T17:35:59 100.244 33.463 506925.600 -5018405.449 2793843.486 3784855.792 -3060.073 3031.885 -6272.164
2818 2017-02-16T17:36:00 2017-02-16T17:36:00 100.228 33.401 506916.900 -5021462.552 2796873.762 3778581.098 -3053.930 3028.464 -6276.806
2818 2017-02-16T17:36:01 2017-02-16T17:36:01 100.213 33.338 506908.200 -5024513.510 2799900.614 3772301.766 -3047.782 3025.039 -6281.439
2818 2017-02-16T17:36:02 2017-02-16T17:36:02 100.197 33.275 506899.600 -5027558.319 2802924.040 3766017.804 -3041.631 3021.610 -6286.065
2818 2017-02-16T17:36:03 2017-02-16T17:36:03 100.181 33.212 506890.900 -5030596.974 2805944.035 3759729.220 -3035.476 3018.178 -6290.683
2818 2017-02-16T17:36:04 2017-02-16T17:36:04 100.165 33.149 506882.300 -5033629.472 2808960.595 3753436.021 -3029.318 3014.742 -6295.294
2818 2017-02-16T17:36:05 2017-02-16T17:36:05 100.150 33.087 506873.600 -5036655.809 2811973.718 3747138.216 -3023.155 3011.302 -6299.897
2818 2017-02-16T17:36:06 2017-02-16T17:36:06 100.134 33.024 506865.000 -5039675.983 2814983.399 3740835.811 -3016.989 3007.859 -6304.492
2818 2017-02-16T17:36:07 2017-02-16T17:36:07 100.118 32.961 506856.400 -5042689.987 2817989.635 3734528.816 -3010.819 3004.412 -6309.079
2818 2017-02-16T17:36:08 2017-02-16T17:36:08 100.103 32.898 506847.800 -5045697.821 2820992.421 3728217.236 -3004.646 3000.961 -6313.658
2818 2017-02-16T17:36:09 2017-02-16T17:36:09 100.087 32.835 506839.300 -5048699.478 2823991.755 3721901.081 -2998.469 2997.506 -6318.230
2818 2017-02-16T17:36:10 2017-02-16T17:36:10 100.071 32.773 506830.700 -5051694.957 2826987.632 3715580.358 -2992.288 2994.048 -6322.794
2818 2017-02-16T17:36:11 2017-02-16T17:36:11 100.056 32.710 506822.100 -5054684.252 2829980.050 3709255.075 -2986.103 2990.586 -6327.351
2818 2017-02-16T17:36:12 2017-02-16T17:36:12 100.040 32.647 506813.600 -5057667.361 2832969.003 3702925.238 -2979.915 2987.121 -6331.899
2818 2017-02-16T17:36:13 2017-02-16T17:36:13 100.025 32.584 506805.100 -5060644.280 2835954.489 3696590.857 -2973.724 2983.652 -6336.440
2818 2017-02-16T17:36:14 2017-02-16T17:36:14 100.009 32.521 506796.600 -5063615.005 2838936.504 3690251.939 -2967.528 2980.179 -6340.973
2818 2017-02-16T17:36:15 2017-02-16T17:36:15 99.993 32.459 506788.100 -5066579.532 2841915.044 3683908.492 -2961.329 2976.703 -6345.498
2818 2017-02-16T17:36:16 2017-02-16T17:36:16 99.978 32.396 506779.600 -5069537.859 2844890.106 3677560.523 -2955.126 2973.223 -6350.016
2818 2017-02-16T17:36:17 2017-02-16T17:36:17 99.962 32.333 506771.100 -5072489.980 2847861.686 3671208.041 -2948.920 2969.739 -6354.525
2818 2017-02-16T17:36:18 2017-02-16T17:36:18 99.947 32.270 506762.600 -5075435.893 2850829.780 3664851.052 -2942.710 2966.251 -6359.027
2818 2017-02-16T17:36:19 2017-02-16T17:36:19 99.931 32.207 506754.200 -5078375.594 2853794.385 3658489.566 -2936.496 2962.760 -6363.521
2818 2017-02-16T17:36:20 2017-02-16T17:36:20 99.916 32.144 506745.700 -5081309.080 2856755.497 3652123.589 -2930.279 2959.266 -6368.008
2818 2017-02-16T17:36:21 2017-02-16T17:36:21 99.900 32.082 506737.300 -5084236.346 2859713.112 3645753.129 -2924.058 2955.767 -6372.486
2818 2017-02-16T17:36:22 2017-02-16T17:36:22 99.885 32.019 506728.900 -5087157.390 2862667.227 3639378.195 -2917.834 2952.266 -6376.957
2818 2017-02-16T17:36:23 2017-02-16T17:36:23 99.869 31.956 506720.500 -5090072.207 2865617.838 3632998.794 -2911.606 2948.760 -6381.420
2818 2017-02-16T17:36:24 2017-02-16T17:36:24 99.854 31.893 506712.100 -5092980.794 2868564.942 3626614.934 -2905.374 2945.251 -6385.875
2818 2017-02-16T17:36:25 2017-02-16T17:36:25 99.839 31.830 506703.700 -5095883.148 2871508.535 3620226.622 -2899.139 2941.738 -6390.322
2818 2017-02-16T17:36:26 2017-02-16T17:36:26 99.823 31.767 506695.400 -5098779.264 2874448.613 3613833.868 -2892.901 2938.222 -6394.761
2818 2017-02-16T17:36:27 2017-02-16T17:36:27 99.808 31.705 506687.000 -5101669.140 2877385.173 3607436.677 -2886.658 2934.702 -6399.193
2818 2017-02-16T17:36:28 2017-02-16T17:36:28 99.793 31.642 506678.700 -5104552.772 2880318.211 3601035.059 -2880.413 2931.178 -6403.616
2818 2017-02-16T17:36:29 2017-02-16T17:36:29 99.777 31.579 506670.400 -5107430.156 2883247.724 3594629.021 -2874.163 2927.651 -6408.032
2818 2017-02-16T17:36:30 2017-02-16T17:36:30 99.762 31.516 506662.100 -5110301.289 2886173.707 3588218.571 -2867.910 2924.120 -6412.440
2818 2017-02-16T17:36:31 2017-02-16T17:36:31 99.746 31.453 506653.800 -5113166.167 2889096.158 3581803.717 -2861.654 2920.586 -6416.840
2818 2017-02-16T17:36:32 2017-02-16T17:36:32 99.731 31.390 506645.500 -5116024.786 2892015.072 3575384.467 -2855.394 2917.048 -6421.232
2818 2017-02-16T17:36:33 2017-02-16T17:36:33 99.716 31.328 506637.200 -5118877.144 2894930.447 3568960.828 -2849.131 2913.507 -6425.617
2818 2017-02-16T17:36:34 2017-02-16T17:36:34 99.701 31.265 506629.000 -5121723.236 2897842.279 3562532.809 -2842.864 2909.962 -6429.993
2818 2017-02-16T17:36:35 2017-02-16T17:36:35 99.685 31.202 506620.700 -5124563.060 2900750.563 3556100.417 -2836.594 2906.413 -6434.362
2818 2017-02-16T17:36:36 2017-02-16T17:36:36 99.670 31.139 506612.500 -5127396.611 2903655.297 3549663.660 -2830.320 2902.861 -6438.722
2818 2017-02-16T17:36:37 2017-02-16T17:36:37 99.655 31.076 506604.300 -5130223.887 2906556.477 3543222.547 -2824.043 2899.305 -6443.075
2818 2017-02-16T17:36:38 2017-02-16T17:36:38 99.640 31.013 506596.100 -5133044.883 2909454.099 3536777.084 -2817.762 2895.746 -6447.420
2818 2017-02-16T17:36:39 2017-02-16T17:36:39 99.624 30.951 506587.900 -5135859.597 2912348.160 3530327.281 -2811.478 2892.183 -6451.757
2818 2017-02-16T17:36:40 2017-02-16T17:36:40 99.609 30.888 506579.700 -5138668.025 2915238.657 3523873.144 -2805.190 2888.617 -6456.086
2818 2017-02-16T17:36:41 2017-02-16T17:36:41 99.594 30.825 506571.600 -5141470.163 2918125.585 3517414.682 -2798.899 2885.047 -6460.407
2818 2017-02-16T17:36:42 2017-02-16T17:36:42 99.579 30.762 506563.500 -5144266.007 2921008.941 3510951.903 -2792.604 2881.473 -6464.720
2818 2017-02-16T17:36:43 2017-02-16T17:36:43 99.564 30.699 506555.300 -5147055.556 2923888.722 3504484.815 -2786.306 2877.896 -6469.025
2818 2017-02-16T17:36:44 2017-02-16T17:36:44 99.549 30.636 506547.200 -5149838.804 2926764.924 3498013.425 -2780.005 2874.316 -6473.323
2818 2017-02-16T17:36:45 2017-02-16T17:36:45 99.534 30.573 506539.100 -5152615.750 2929637.543 3491537.741 -2773.700 2870.732 -6477.612
2818 2017-02-16T17:36:46 2017-02-16T17:36:46 99.519 30.511 506531.000 -5155386.388 2932506.577 3485057.773 -2767.392 2867.144 -6481.893
2818 2017-02-16T17:36:47 2017-02-16T17:36:47 99.503 30.448 506523.000 -5158150.717 2935372.022 3478573.526 -2761.080 2863.553 -6486.167
2818 2017-02-16T17:36:48 2017-02-16T17:36:48 99.488 30.385 506514.900 -5160908.732 2938233.873 3472085.010 -2754.765 2859.959 -6490.432
2818 2017-02-16T17:36:49 2017-02-16T17:36:49 99.473 30.322 506506.900 -5163660.430 2941092.128 3465592.232 -2748.447 2856.360 -6494.690
2818 2017-02-16T17:36:50 2017-02-16T17:36:50 99.458 30.259 506498.900 -5166405.808 2943946.783 3459095.200 -2742.125 2852.759 -6498.940
2818 2017-02-16T17:36:51 2017-02-16T17:36:51 99.443 30.196 506490.900 -5169144.862 2946797.834 3452593.923 -2735.800 2849.154 -6503.181
2818 2017-02-16T17:36:52 2017-02-16T17:36:52 99.428 30.133 506482.900 -5171877.589 2949645.279 3446088.408 -2729.472 2845.545 -6507.415
2818 2017-02-16T17:36:53 2017-02-16T17:36:53 99.413 30.070 506474.900 -5174603.986 2952489.113 3439578.663 -2723.140 2841.933 -6511.641
2818 2017-02-16T17:36:54 2017-02-16T17:36:54 99.398 30.008 506467.000 -5177324.049 2955329.333 3433064.696 -2716.805 2838.318 -6515.858
2818 2017-02-16T17:36:55 2017-02-16T17:36:55 99.383 29.945 506459.000 -5180037.775 2958165.936 3426546.515 -2710.466 2834.699 -6520.068
2818 2017-02-16T17:36:56 2017-02-16T17:36:56 99.368 29.882 506451.100 -5182745.161 2960998.918 3420024.129 -2704.125 2831.076 -6524.270
2818 2017-02-16T17:36:57 2017-02-16T17:36:57 99.353 29.819 506443.200 -5185446.203 2963828.275 3413497.545 -2697.779 2827.450 -6528.463
2818 2017-02-16T17:36:58 2017-02-16T17:36:58 99.338 29.756 506435.300 -5188140.899 2966654.005 3406966.771 -2691.431 2823.821 -6532.649
2818 2017-02-16T17:36:59 2017-02-16T17:36:59 99.323 29.693 506427.400 -5190823.873 2969470.463 3400444.889 -2685.092 2820.195 -6536.818
2818 2017-02-16T17:37:00 2017-02-16T17:37:00 99.309 29.631 506419.600 -5193505.877 2972288.934 3393905.767 -2678.737 2816.559 -6540.988
2818 2017-02-16T17:37:01 2017-02-16T17:37:01 99.294 29.568 506411.700 -5196181.524 2975103.767 3387362.480 -2672.379 2812.919 -6545.150
2818 2017-02-16T17:37:02 2017-02-16T17:37:02 99.279 29.505 506403.900 -5198850.811 2977914.958 3380815.035 -2666.017 2809.276 -6549.303
2818 2017-02-16T17:37:03 2017-02-16T17:37:03 99.264 29.442 506396.100 -5201513.735 2980722.504 3374263.441 -2659.652 2805.629 -6553.449
2818 2017-02-16T17:37:04 2017-02-16T17:37:04 99.249 29.379 506388.300 -5204170.292 2983526.401 3367707.704 -2653.284 2801.979 -6557.586
2818 2017-02-16T17:37:05 2017-02-16T17:37:05 99.234 29.316 506380.500 -5206820.479 2986326.647 3361147.835 -2646.913 2798.325 -6561.716
2818 2017-02-16T17:37:06 2017-02-16T17:37:06 99.219 29.253 506372.700 -5209464.293 2989123.237 3354583.839 -2640.538 2794.668 -6565.837
2818 2017-02-16T17:37:07 2017-02-16T17:37:07 99.205 29.190 506365.000 -5212101.730 2991916.168 3348015.726 -2634.160 2791.008 -6569.951
2818 2017-02-16T17:37:08 2017-02-16T17:37:08 99.190 29.127 506357.200 -5214732.787 2994705.437 3341443.503 -2627.779 2787.344 -6574.056
2818 2017-02-16T17:37:09 2017-02-16T17:37:09 99.175 29.064 506349.500 -5217357.462 2997491.040 3334867.180 -2621.395 2783.677 -6578.153
2818 2017-02-16T17:37:10 2017-02-16T17:37:10 99.160 29.002 506341.800 -5219975.751 3000272.975 3328286.762 -2615.007 2780.006 -6582.242
2818 2017-02-16T17:37:11 2017-02-16T17:37:11 99.145 28.939 506334.100 -5222587.650 3003051.236 3321702.260 -2608.617 2776.332 -6586.323
2818 2017-02-16T17:37:12 2017-02-16T17:37:12 99.131 28.876 506326.500 -5225193.157 3005825.822 3315113.680 -2602.223 2772.655 -6590.396
2818 2017-02-16T17:37:13 2017-02-16T17:37:13 99.116 28.813 506318.800 -5227792.267 3008596.729 3308521.031 -2595.826 2768.974 -6594.461
2818 2017-02-16T17:37:14 2017-02-16T17:37:14 99.101 28.750 506311.200 -5230384.979 3011363.953 3301924.321 -2589.425 2765.289 -6598.518
2818 2017-02-16T17:37:15 2017-02-16T17:37:15 99.087 28.687 506303.600 -5232971.289 3014127.491 3295323.558 -2583.022 2761.602 -6602.567
2818 2017-02-16T17:37:16 2017-02-16T17:37:16 99.072 28.624 506296.000 -5235551.194 3016887.339 3288718.750 -2576.615 2757.911 -6606.608
2818 2017-02-16T17:37:17 2017-02-16T17:37:17 99.057 28.561 506288.400 -5238124.690 3019643.494 3282109.906 -2570.205 2754.216 -6610.640
2818 2017-02-16T17:37:18 2017-02-16T17:37:18 99.043 28.498 506280.800 -5240691.774 3022395.953 3275497.033 -2563.792 2750.518 -6614.665
2818 2017-02-16T17:37:19 2017-02-16T17:37:19 99.028 28.435 506273.300 -5243252.444 3025144.713 3268880.139 -2557.376 2746.817 -6618.681
2818 2017-02-16T17:37:20 2017-02-16T17:37:20 99.013 28.372 506265.700 -5245806.696 3027889.770 3262259.233 -2550.957 2743.113 -6622.689
2818 2017-02-16T17:37:21 2017-02-16T17:37:21 98.999 28.310 506258.200 -5248354.527 3030631.120 3255634.323 -2544.535 2739.405 -6626.689
2818 2017-02-16T17:37:22 2017-02-16T17:37:22 98.984 28.247 506250.700 -5250895.933 3033368.760 3249005.417 -2538.109 2735.694 -6630.681
2818 2017-02-16T17:37:23 2017-02-16T17:37:23 98.969 28.184 506243.200 -5253430.913 3036102.688 3242372.522 -2531.680 2731.979 -6634.665
2818 2017-02-16T17:37:24 2017-02-16T17:37:24 98.955 28.121 506235.800 -5255959.462 3038832.899 3235735.648 -2525.249 2728.261 -6638.641
2818 2017-02-16T17:37:25 2017-02-16T17:37:25 98.940 28.058 506228.300 -5258481.577 3041559.390 3229094.802 -2518.814 2724.540 -6642.608
2818 2017-02-16T17:37:26 2017-02-16T17:37:26 98.926 27.995 506220.900 -5260997.256 3044282.158 3222449.992 -2512.376 2720.815 -6646.568
2818 2017-02-16T17:37:27 2017-02-16T17:37:27 98.911 27.932 506213.500 -5263506.495 3047001.200 3215801.227 -2505.935 2717.087 -6650.519
2818 2017-02-16T17:37:28 2017-02-16T17:37:28 98.896 27.869 506206.100 -5266009.292 3049716.512 3209148.515 -2499.491 2713.356 -6654.462
2818 2017-02-16T17:37:29 2017-02-16T17:37:29 98.882 27.806 506198.700 -5268505.643 3052428.091 3202491.863 -2493.044 2709.621 -6658.397
2818 2017-02-16T17:37:30 2017-02-16T17:37:30 98.867 27.743 506191.400 -5270995.545 3055135.933 3195831.280 -2486.594 2705.883 -6662.323
2818 2017-02-16T17:37:31 2017-02-16T17:37:31 98.853 27.680 506184.000 -5273478.994 3057840.036 3189166.775 -2480.140 2702.142 -6666.242
2818 2017-02-16T17:37:32 2017-02-16T17:37:32 98.838 27.618 506176.700 -5275955.989 3060540.396 3182498.356 -2473.684 2698.397 -6670.152
2818 2017-02-16T17:37:33 2017-02-16T17:37:33 98.824 27.555 506169.400 -5278426.526 3063237.009 3175826.030 -2467.225 2694.649 -6674.055
2818 2017-02-16T17:37:34 2017-02-16T17:37:34 98.809 27.492 506162.100 -5280890.602 3065929.873 3169149.805 -2460.762 2690.898 -6677.949
2818 2017-02-16T17:37:35 2017-02-16T17:37:35 98.795 27.429 506154.900 -5283348.214 3068618.983 3162469.691 -2454.297 2687.144 -6681.834
2818 2017-02-16T17:37:36 2017-02-16T17:37:36 98.780 27.366 506147.600 -5285799.358 3071304.338 3155785.695 -2447.829 2683.386 -6685.712
2818 2017-02-16T17:37:37 2017-02-16T17:37:37 98.766 27.303 506140.400 -5288244.033 3073985.932 3149097.825 -2441.357 2679.625 -6689.581
2818 2017-02-16T17:37:38 2017-02-16T17:37:38 98.751 27.240 506133.200 -5290682.234 3076663.764 3142406.090 -2434.883 2675.860 -6693.443
2818 2017-02-16T17:37:39 2017-02-16T17:37:39 98.737 27.177 506126.000 -5293113.960 3079337.830 3135710.497 -2428.406 2672.093 -6697.296
2818 2017-02-16T17:37:40 2017-02-16T17:37:40 98.723 27.114 506118.800 -5295539.206 3082008.126 3129011.056 -2421.925 2668.322 -6701.140
2818 2017-02-16T17:37:41 2017-02-16T17:37:41 98.708 27.051 506111.700 -5297957.970 3084674.650 3122307.773 -2415.442 2664.548 -6704.977
2818 2017-02-16T17:37:42 2017-02-16T17:37:42 98.694 26.988 506104.600 -5300370.250 3087337.398 3115600.658 -2408.956 2660.770 -6708.805
2818 2017-02-16T17:37:43 2017-02-16T17:37:43 98.680 26.925 506097.400 -5302776.041 3089996.367 3108889.719 -2402.466 2656.990 -6712.625
2818 2017-02-16T17:37:44 2017-02-16T17:37:44 98.665 26.862 506090.400 -5305175.341 3092651.553 3102174.964 -2395.974 2653.206 -6716.437
2818 2017-02-16T17:37:45 2017-02-16T17:37:45 98.651 26.799 506083.300 -5307568.148 3095302.953 3095456.400 -2389.479 2649.418 -6720.241
2818 2017-02-16T17:37:46 2017-02-16T17:37:46 98.636 26.736 506076.200 -5309954.458 3097950.565 3088734.038 -2382.981 2645.628 -6724.036
2818 2017-02-16T17:37:47 2017-02-16T17:37:47 98.622 26.674 506069.200 -5312334.268 3100594.384 3082007.883 -2376.480 2641.834 -6727.823
2818 2017-02-16T17:37:48 2017-02-16T17:37:48 98.608 26.610 506062.200 -5314707.575 3103234.408 3075277.946 -2369.976 2638.037 -6731.602
2818 2017-02-16T17:37:49 2017-02-16T17:37:49 98.593 26.548 506055.200 -5317074.377 3105870.633 3068544.234 -2363.469 2634.237 -6735.373
2818 2017-02-16T17:37:50 2017-02-16T17:37:50 98.579 26.485 506048.200 -5319434.670 3108503.056 3061806.755 -2356.960 2630.434 -6739.135
2818 2017-02-16T17:37:51 2017-02-16T17:37:51 98.565 26.422 506041.200 -5321788.452 3111131.674 3055065.517 -2350.447 2626.627 -6742.889
2818 2017-02-16T17:37:52 2017-02-16T17:37:52 98.551 26.359 506034.300 -5324135.720 3113756.484 3048320.530 -2343.932 2622.817 -6746.635
2818 2017-02-16T17:37:53 2017-02-16T17:37:53 98.536 26.296 506027.400 -5326476.471 3116377.482 3041571.801 -2337.413 2619.004 -6750.373
2818 2017-02-16T17:37:54 2017-02-16T17:37:54 98.522 26.233 506020.500 -5328810.702 3118994.665 3034819.338 -2330.892 2615.188 -6754.102
2818 2017-02-16T17:37:55 2017-02-16T17:37:55 98.508 26.170 506013.600 -5331138.410 3121608.030 3028063.150 -2324.368 2611.368 -6757.823
2818 2017-02-16T17:37:56 2017-02-16T17:37:56 98.494 26.107 506006.700 -5333459.592 3124217.574 3021303.245 -2317.841 2607.546 -6761.535
2818 2017-02-16T17:37:57 2017-02-16T17:37:57 98.479 26.044 505999.900 -5335774.246 3126823.294 3014539.632 -2311.312 2603.720 -6765.240
2818 2017-02-16T17:37:58 2017-02-16T17:37:58 98.465 25.981 505993.100 -5338082.368 3129425.186 3007772.318 -2304.779 2599.891 -6768.936
2818 2017-02-16T17:37:59 2017-02-16T17:37:59 98.451 25.918 505986.300 -5340379.359 3132018.055 3001014.858 -2298.257 2596.066 -6772.616
2818 2017-02-16T17:38:00 2017-02-16T17:38:00 98.437 25.855 505979.500 -5342674.424 3134612.290 2994240.175 -2291.718 2592.231 -6776.296
2818 2017-02-16T17:38:01 2017-02-16T17:38:01 98.423 25.792 505972.700 -5344962.948 3137202.688 2987461.817 -2285.177 2588.392 -6779.967
2818 2017-02-16T17:38:02 2017-02-16T17:38:02 98.408 25.729 505966.000 -5347244.930 3139789.246 2980679.792 -2278.634 2584.550 -6783.630
2818 2017-02-16T17:38:03 2017-02-16T17:38:03 98.394 25.666 505959.300 -5349520.366 3142371.960 2973894.108 -2272.087 2580.705 -6787.284
2818 2017-02-16T17:38:04 2017-02-16T17:38:04 98.380 25.603 505952.600 -5351789.254 3144950.827 2967104.773 -2265.537 2576.857 -6790.930
2818 2017-02-16T17:38:05 2017-02-16T17:38:05 98.366 25.540 505945.900 -5354051.591 3147525.845 2960311.796 -2258.985 2573.006 -6794.568
2818 2017-02-16T17:38:06 2017-02-16T17:38:06 98.352 25.477 505939.200 -5356307.374 3150097.010 2953515.186 -2252.430 2569.151 -6798.198
2818 2017-02-16T17:38:07 2017-02-16T17:38:07 98.338 25.414 505932.600 -5358556.601 3152664.318 2946714.950 -2245.873 2565.294 -6801.819
2818 2017-02-16T17:38:08 2017-02-16T17:38:08 98.324 25.352 505926.000 -5360799.268 3155227.768 2939911.097 -2239.312 2561.433 -6805.432
2818 2017-02-16T17:38:09 2017-02-16T17:38:09 98.310 25.288 505919.400 -5363035.374 3157787.355 2933103.635 -2232.749 2557.569 -6809.036
2818 2017-02-16T17:38:10 2017-02-16T17:38:10 98.295 25.226 505912.800 -5365264.914 3160343.076 2926292.573 -2226.183 2553.702 -6812.632
2818 2017-02-16T17:38:11 2017-02-16T17:38:11 98.281 25.163 505906.200 -5367487.887 3162894.928 2919477.919 -2219.614 2549.832 -6816.220
2818 2017-02-16T17:38:12 2017-02-16T17:38:12 98.267 25.100 505899.700 -5369704.289 3165442.909 2912659.682 -2213.043 2545.959 -6819.799
2818 2017-02-16T17:38:13 2017-02-16T17:38:13 98.253 25.037 505893.200 -5371914.119 3167987.015 2905837.869 -2206.469 2542.083 -6823.370
2818 2017-02-16T17:38:14 2017-02-16T17:38:14 98.239 24.974 505886.700 -5374117.373 3170527.243 2899012.489 -2199.892 2538.203 -6826.933
2818 2017-02-16T17:38:15 2017-02-16T17:38:15 98.225 24.911 505880.200 -5376314.048 3173063.589 2892183.551 -2193.312 2534.321 -6830.487
2818 2017-02-16T17:38:16 2017-02-16T17:38:16 98.211 24.848 505873.800 -5378504.142 3175596.051 2885351.063 -2186.730 2530.435 -6834.033
2818 2017-02-16T17:38:17 2017-02-16T17:38:17 98.197 24.785 505867.300 -5380687.652 3178124.626 2878515.033 -2180.145 2526.546 -6837.571
2818 2017-02-16T17:38:18 2017-02-16T17:38:18 98.183 24.722 505860.900 -5382864.576 3180649.311 2871675.469 -2173.557 2522.654 -6841.100
2818 2017-02-16T17:38:19 2017-02-16T17:38:19 98.169 24.659 505854.500 -5385034.911 3183170.101 2864832.381 -2166.967 2518.759 -6844.621
2818 2017-02-16T17:38:20 2017-02-16T17:38:20 98.155 24.596 505848.200 -5387198.654 3185686.995 2857985.776 -2160.374 2514.861 -6848.133
2818 2017-02-16T17:38:21 2017-02-16T17:38:21 98.141 24.533 505841.800 -5389355.803 3188199.990 2851135.663 -2153.779 2510.960 -6851.637
2818 2017-02-16T17:38:22 2017-02-16T17:38:22 98.127 24.470 505835.500 -5391506.354 3190709.081 2844282.050 -2147.181 2507.056 -6855.132
2818 2017-02-16T17:38:23 2017-02-16T17:38:23 98.113 24.407 505829.200 -5393650.305 3193214.267 2837424.946 -2140.580 2503.148 -6858.619
2818 2017-02-16T17:38:24 2017-02-16T17:38:24 98.099 24.344 505822.900 -5395787.655 3195715.543 2830564.359 -2133.976 2499.238 -6862.098
2818 2017-02-16T17:38:25 2017-02-16T17:38:25 98.085 24.281 505816.700 -5397918.399 3198212.907 2823700.297 -2127.370 2495.325 -6865.568
2818 2017-02-16T17:38:26 2017-02-16T17:38:26 98.071 24.218 505810.400 -5400042.535 3200706.357 2816832.770 -2120.762 2491.408 -6869.030
2818 2017-02-16T17:38:27 2017-02-16T17:38:27 98.057 24.155 505804.200 -5402160.062 3203195.888 2809961.784 -2114.150 2487.489 -6872.484
2818 2017-02-16T17:38:28 2017-02-16T17:38:28 98.043 24.092 505798.000 -5404270.975 3205681.498 2803087.350 -2107.536 2483.566 -6875.929
2818 2017-02-16T17:38:29 2017-02-16T17:38:29 98.030 24.029 505791.800 -5406375.274 3208163.184 2796209.473 -2100.920 2479.640 -6879.365
2818 2017-02-16T17:38:30 2017-02-16T17:38:30 98.016 23.966 505785.700 -5408472.953 3210640.942 2789328.167 -2094.301 2475.712 -6882.793
2818 2017-02-16T17:38:31 2017-02-16T17:38:31 98.002 23.903 505779.600 -5410564.013 3213114.770 2782443.436 -2087.679 2471.780 -6886.213
2818 2017-02-16T17:38:32 2017-02-16T17:38:32 97.988 23.840 505773.500 -5412648.449 3215584.664 2775555.290 -2081.055 2467.845 -6889.624
2818 2017-02-16T17:38:33 2017-02-16T17:38:33 97.974 23.777 505767.400 -5414726.259 3218050.622 2768663.738 -2074.428 2463.907 -6893.027
2818 2017-02-16T17:38:34 2017-02-16T17:38:34 97.960 23.714 505761.300 -5416797.441 3220512.640 2761768.786 -2067.799 2459.967 -6896.421
2818 2017-02-16T17:38:35 2017-02-16T17:38:35 97.946 23.651 505755.300 -5418861.993 3222970.716 2754870.444 -2061.167 2456.023 -6899.807
2818 2017-02-16T17:38:36 2017-02-16T17:38:36 97.933 23.588 505749.300 -5420919.911 3225424.847 2747968.721 -2054.533 2452.076 -6903.184
2818 2017-02-16T17:38:37 2017-02-16T17:38:37 97.919 23.525 505743.300 -5422971.194 3227875.029 2741063.624 -2047.896 2448.126 -6906.553
2818 2017-02-16T17:38:38 2017-02-16T17:38:38 97.905 23.462 505737.300 -5425015.838 3230321.260 2734155.162 -2041.257 2444.173 -6909.914
2818 2017-02-16T17:38:39 2017-02-16T17:38:39 97.891 23.399 505731.300 -5427053.841 3232763.536 2727243.344 -2034.615 2440.218 -6913.265
2818 2017-02-16T17:38:40 2017-02-16T17:38:40 97.877 23.336 505725.400 -5429085.201 3235201.855 2720328.179 -2027.971 2436.259 -6916.609
2818 2017-02-16T17:38:41 2017-02-16T17:38:41 97.864 23.273 505719.500 -5431109.915 3237636.214 2713409.673 -2021.324 2432.297 -6919.944
2818 2017-02-16T17:38:42 2017-02-16T17:38:42 97.850 23.210 505713.600 -5433127.981 3240066.609 2706487.837 -2014.674 2428.332 -6923.270
2818 2017-02-16T17:38:43 2017-02-16T17:38:43 97.836 23.147 505707.800 -5435139.397 3242493.038 2699562.678 -2008.023 2424.365 -6926.588
2818 2017-02-16T17:38:44 2017-02-16T17:38:44 97.822 23.084 505701.900 -5437144.159 3244915.498 2692634.205 -2001.368 2420.394 -6929.898
2818 2017-02-16T17:38:45 2017-02-16T17:38:45 97.808 23.021 505696.100 -5439142.265 3247333.985 2685702.426 -1994.712 2416.420 -6933.199
2818 2017-02-16T17:38:46 2017-02-16T17:38:46 97.795 22.958 505690.300 -5441133.714 3249748.497 2678767.350 -1988.053 2412.444 -6936.491
2818 2017-02-16T17:38:47 2017-02-16T17:38:47 97.781 22.895 505684.600 -5443118.502 3252159.032 2671828.986 -1981.391 2408.464 -6939.775
2818 2017-02-16T17:38:48 2017-02-16T17:38:48 97.767 22.832 505678.800 -5445096.627 3254565.585 2664887.341 -1974.727 2404.481 -6943.050
2818 2017-02-16T17:38:49 2017-02-16T17:38:49 97.754 22.769 505673.100 -5447068.086 3256968.154 2657942.425 -1968.061 2400.496 -6946.317
2818 2017-02-16T17:38:50 2017-02-16T17:38:50 97.740 22.706 505667.400 -5449032.878 3259366.736 2650994.246 -1961.392 2396.508 -6949.576
2818 2017-02-16T17:38:51 2017-02-16T17:38:51 97.726 22.643 505661.700 -5450990.999 3261761.328 2644042.812 -1954.720 2392.516 -6952.826
2818 2017-02-16T17:38:52 2017-02-16T17:38:52 97.712 22.580 505656.100 -5452942.448 3264151.927 2637088.132 -1948.047 2388.522 -6956.067
2818 2017-02-16T17:38:53 2017-02-16T17:38:53 97.699 22.517 505650.500 -5454887.222 3266538.531 2630130.215 -1941.371 2384.525 -6959.300
2818 2017-02-16T17:38:54 2017-02-16T17:38:54 97.685 22.453 505644.900 -5456825.319 3268921.135 2623169.068 -1934.692 2380.525 -6962.524
2818 2017-02-16T17:38:55 2017-02-16T17:38:55 97.671 22.390 505639.300 -5458756.736 3271299.739 2616204.701 -1928.011 2376.521 -6965.740
2818 2017-02-16T17:38:56 2017-02-16T17:38:56 97.658 22.328 505633.700 -5460681.471 3273674.337 2609237.123 -1921.328 2372.515 -6968.947
2818 2017-02-16T17:38:57 2017-02-16T17:38:57 97.644 22.265 505628.200 -5462599.521 3276044.929 2602266.340 -1914.643 2368.507 -6972.145
2818 2017-02-16T17:38:58 2017-02-16T17:38:58 97.630 22.201 505622.700 -5464510.885 3278411.510 2595292.363 -1907.955 2364.495 -6975.335
2818 2017-02-16T17:38:59 2017-02-16T17:38:59 97.617 22.139 505617.200 -5466411.756 3280769.356 2588329.158 -1901.278 2360.488 -6978.511
2818 2017-02-16T17:39:00 2017-02-16T17:39:00 97.603 22.076 505611.800 -5468309.753 3283127.916 2581348.822 -1894.586 2356.471 -6981.683
2818 2017-02-16T17:39:01 2017-02-16T17:39:01 97.590 22.012 505606.300 -5470201.056 3285482.458 2574365.316 -1887.891 2352.450 -6984.848
2818 2017-02-16T17:39:02 2017-02-16T17:39:02 97.576 21.949 505600.900 -5472085.663 3287832.977 2567378.649 -1881.194 2348.427 -6988.004
2818 2017-02-16T17:39:03 2017-02-16T17:39:03 97.562 21.886 505595.500 -5473963.572 3290179.472 2560388.830 -1874.494 2344.401 -6991.151
2818 2017-02-16T17:39:04 2017-02-16T17:39:04 97.549 21.823 505590.100 -5475834.779 3292521.939 2553395.868 -1867.792 2340.371 -6994.289
2818 2017-02-16T17:39:05 2017-02-16T17:39:05 97.535 21.760 505584.800 -5477699.284 3294860.375 2546399.771 -1861.088 2336.340 -6997.420
2818 2017-02-16T17:39:06 2017-02-16T17:39:06 97.522 21.697 505579.500 -5479557.083 3297194.778 2539400.548 -1854.382 2332.305 -7000.541
2818 2017-02-16T17:39:07 2017-02-16T17:39:07 97.508 21.634 505574.200 -5481408.175 3299525.145 2532398.208 -1847.673 2328.267 -7003.654
2818 2017-02-16T17:39:08 2017-02-16T17:39:08 97.495 21.571 505568.900 -5483252.557 3301851.472 2525392.758 -1840.962 2324.226 -7006.758
2818 2017-02-16T17:39:09 2017-02-16T17:39:09 97.481 21.508 505563.700 -5485090.226 3304173.758 2518384.208 -1834.249 2320.183 -7009.854
2818 2017-02-16T17:39:10 2017-02-16T17:39:10 97.467 21.445 505558.500 -5486921.182 3306491.999 2511372.567 -1827.534 2316.137 -7012.941
2818 2017-02-16T17:39:11 2017-02-16T17:39:11 97.454 21.382 505553.300 -5488745.420 3308806.192 2504357.842 -1820.816 2312.088 -7016.019
2818 2017-02-16T17:39:12 2017-02-16T17:39:12 97.440 21.319 505548.100 -5490562.940 3311116.334 2497340.043 -1814.096 2308.036 -7019.089
2818 2017-02-16T17:39:13 2017-02-16T17:39:13 97.427 21.256 505543.000 -5492373.738 3313422.423 2490319.178 -1807.374 2303.981 -7022.150
2818 2017-02-16T17:39:14 2017-02-16T17:39:14 97.413 21.193 505537.800 -5494177.813 3315724.456 2483295.257 -1800.650 2299.924 -7025.203
2818 2017-02-16T17:39:15 2017-02-16T17:39:15 97.400 21.130 505532.700 -5495975.162 3318022.429 2476268.286 -1793.923 2295.863 -7028.247
2818 2017-02-16T17:39:16 2017-02-16T17:39:16 97.386 21.067 505527.700 -5497765.784 3320316.341 2469238.276 -1787.195 2291.800 -7031.282
2818 2017-02-16T17:39:17 2017-02-16T17:39:17 97.373 21.004 505522.600 -5499549.675 3322606.188 2462205.235 -1780.464 2287.734 -7034.309
2818 2017-02-16T17:39:18 2017-02-16T17:39:18 97.359 20.941 505517.600 -5501326.834 3324891.968 2455169.171 -1773.731 2283.665 -7037.327
2818 2017-02-16T17:39:19 2017-02-16T17:39:19 97.346 20.878 505512.600 -5503097.259 3327173.677 2448130.094 -1766.995 2279.594 -7040.337
2818 2017-02-16T17:39:20 2017-02-16T17:39:20 97.332 20.815 505507.600 -5504860.947 3329451.313 2441088.011 -1760.258 2275.519 -7043.338
2818 2017-02-16T17:39:21 2017-02-16T17:39:21 97.319 20.752 505502.700 -5506617.897 3331724.873 2434042.932 -1753.518 2271.442 -7046.330
2818 2017-02-16T17:39:22 2017-02-16T17:39:22 97.305 20.689 505497.800 -5508368.105 3333994.354 2426994.866 -1746.777 2267.362 -7049.313
2818 2017-02-16T17:39:23 2017-02-16T17:39:23 97.292 20.626 505492.900 -5510111.571 3336259.754 2419943.820 -1740.033 2263.280 -7052.288
2818 2017-02-16T17:39:24 2017-02-16T17:39:24 97.279 20.563 505488.000 -5511848.291 3338521.069 2412889.804 -1733.287 2259.194 -7055.254
2818 2017-02-16T17:39:25 2017-02-16T17:39:25 97.265 20.500 505483.100 -5513578.264 3340778.298 2405832.826 -1726.539 2255.106 -7058.212
2818 2017-02-16T17:39:26 2017-02-16T17:39:26 97.252 20.436 505478.300 -5515301.487 3343031.436 2398772.895 -1719.788 2251.015 -7061.161
2818 2017-02-16T17:39:27 2017-02-16T17:39:27 97.238 20.373 505473.500 -5517017.958 3345280.482 2391710.020 -1713.036 2246.921 -7064.101
2818 2017-02-16T17:39:28 2017-02-16T17:39:28 97.225 20.310 505468.700 -5518727.676 3347525.432 2384644.209 -1706.282 2242.824 -7067.033
2818 2017-02-16T17:39:29 2017-02-16T17:39:29 97.212 20.247 505464.000 -5520430.639 3349766.285 2377575.469 -1699.525 2238.725 -7069.956
2818 2017-02-16T17:39:30 2017-02-16T17:39:30 97.198 20.184 505459.300 -5522126.843 3352003.036 2370503.814 -1692.766 2234.623 -7072.870
2818 2017-02-16T17:39:31 2017-02-16T17:39:31 97.185 20.121 505454.600 -5523816.287 3354235.682 2363429.251 -1686.006 2230.518 -7075.775
2818 2017-02-16T17:39:32 2017-02-16T17:39:32 97.171 20.058 505449.900 -5525498.968 3356464.223 2356351.786 -1679.243 2226.411 -7078.672
2818 2017-02-16T17:39:33 2017-02-16T17:39:33 97.158 19.995 505445.300 -5527174.886 3358688.654 2349271.430 -1672.478 2222.301 -7081.560
2818 2017-02-16T17:39:34 2017-02-16T17:39:34 97.145 19.932 505440.700 -5528844.037 3360908.974 2342188.190 -1665.711 2218.188 -7084.440
2818 2017-02-16T17:39:35 2017-02-16T17:39:35 97.131 19.869 505436.100 -5530506.420 3363125.178 2335102.075 -1658.942 2214.072 -7087.311
2818 2017-02-16T17:39:36 2017-02-16T17:39:36 97.118 19.806 505431.500 -5532162.033 3365337.266 2328013.094 -1652.171 2209.954 -7090.173
2818 2017-02-16T17:39:37 2017-02-16T17:39:37 97.105 19.743 505427.000 -5533810.873 3367545.234 2320921.256 -1645.398 2205.833 -7093.026
2818 2017-02-16T17:39:38 2017-02-16T17:39:38 97.091 19.680 505422.400 -5535452.940 3369749.078 2313826.569 -1638.623 2201.709 -7095.871
2818 2017-02-16T17:39:39 2017-02-16T17:39:39 97.078 19.617 505418.000 -5537088.229 3371948.798 2306729.042 -1631.846 2197.582 -7098.707
2818 2017-02-16T17:39:40 2017-02-16T17:39:40 97.065 19.554 505413.500 -5538716.741 3374144.389 2299628.683 -1625.067 2193.453 -7101.534
2818 2017-02-16T17:39:41 2017-02-16T17:39:41 97.051 19.491 505409.100 -5540338.472 3376335.850 2292525.502 -1618.286 2189.321 -7104.352
2818 2017-02-16T17:39:42 2017-02-16T17:39:42 97.038 19.427 505404.600 -5541953.421 3378523.177 2285419.507 -1611.503 2185.187 -7107.162
2818 2017-02-16T17:39:43 2017-02-16T17:39:43 97.025 19.364 505400.300 -5543561.586 3380706.368 2278310.707 -1604.719 2181.050 -7109.963
2818 2017-02-16T17:39:44 2017-02-16T17:39:44 97.012 19.301 505395.900 -5545162.964 3382885.420 2271199.111 -1597.932 2176.910 -7112.756
2818 2017-02-16T17:39:45 2017-02-16T17:39:45 96.998 19.238 505391.600 -5546757.555 3385060.331 2264084.727 -1591.143 2172.767 -7115.539
2818 2017-02-16T17:39:46 2017-02-16T17:39:46 96.985 19.175 505387.300 -5548345.355 3387231.097 2256967.563 -1584.352 2168.622 -7118.314
2818 2017-02-16T17:39:47 2017-02-16T17:39:47 96.972 19.112 505383.000 -5549926.363 3389397.717 2249847.630 -1577.559 2164.474 -7121.080
2818 2017-02-16T17:39:48 2017-02-16T17:39:48 96.959 19.049 505378.700 -5551500.577 3391560.188 2242724.934 -1570.765 2160.323 -7123.838
2818 2017-02-16T17:39:49 2017-02-16T17:39:49 96.945 18.986 505374.500 -5553067.995 3393718.506 2235599.486 -1563.968 2156.170 -7126.586
2818 2017-02-16T17:39:50 2017-02-16T17:39:50 96.932 18.923 505370.300 -5554628.615 3395872.670 2228471.294 -1557.169 2152.014 -7129.326
2818 2017-02-16T17:39:51 2017-02-16T17:39:51 96.919 18.860 505366.100 -5556182.436 3398022.676 2221340.366 -1550.369 2147.856 -7132.057
2818 2017-02-16T17:39:52 2017-02-16T17:39:52 96.906 18.797 505362.000 -5557729.455 3400168.522 2214206.711 -1543.567 2143.695 -7134.780
2818 2017-02-16T17:39:53 2017-02-16T17:39:53 96.892 18.734 505357.900 -5559269.670 3402310.206 2207070.339 -1536.762 2139.531 -7137.493
2818 2017-02-16T17:39:54 2017-02-16T17:39:54 96.879 18.671 505353.800 -5560803.080 3404447.725 2199931.257 -1529.956 2135.365 -7140.198
2818 2017-02-16T17:39:55 2017-02-16T17:39:55 96.866 18.608 505349.700 -5562329.683 3406581.076 2192789.474 -1523.148 2131.196 -7142.894
2818 2017-02-16T17:39:56 2017-02-16T17:39:56 96.853 18.544 505345.700 -5563849.476 3408710.256 2185645.000 -1516.338 2127.024 -7145.582
2818 2017-02-16T17:39:57 2017-02-16T17:39:57 96.840 18.481 505341.700 -5565362.458 3410835.264 2178497.843 -1509.527 2122.850 -7148.260
2818 2017-02-16T17:39:58 2017-02-16T17:39:58 96.826 18.418 505337.700 -5566868.628 3412956.096 2171348.011 -1502.713 2118.674 -7150.930
2818 2017-02-16T17:39:59 2017-02-16T17:39:59 96.813 18.355 505333.700 -5568364.991 3415068.520 2164209.823 -1495.911 2114.503 -7153.586
2818 2017-02-16T17:40:00 2017-02-16T17:40:00 96.800 18.292 505329.800 -5569857.543 3417181.002 2157054.673 -1489.094 2110.321 -7156.238
2818 2017-02-16T17:40:01 2017-02-16T17:40:01 96.787 18.229 505325.900 -5571343.277 3419289.300 2149896.875 -1482.275 2106.136 -7158.882
2818 2017-02-16T17:40:02 2017-02-16T17:40:02 96.774 18.166 505322.000 -5572822.191 3421393.412 2142736.438 -1475.454 2101.949 -7161.516
2818 2017-02-16T17:40:03 2017-02-16T17:40:03 96.760 18.103 505318.200 -5574294.283 3423493.336 2135573.371 -1468.632 2097.759 -7164.142
2818 2017-02-16T17:40:04 2017-02-16T17:40:04 96.747 18.040 505314.300 -5575759.551 3425589.069 2128407.682 -1461.807 2093.567 -7166.759
2818 2017-02-16T17:40:05 2017-02-16T17:40:05 96.734 17.977 505310.500 -5577217.994 3427680.608 2121239.380 -1454.981 2089.372 -7169.368
2818 2017-02-16T17:40:06 2017-02-16T17:40:06 96.721 17.914 505306.800 -5578669.609 3429767.951 2114068.474 -1448.153 2085.175 -7171.967
2818 2017-02-16T17:40:07 2017-02-16T17:40:07 96.708 17.851 505303.000 -5580114.395 3431851.096 2106894.972 -1441.323 2080.975 -7174.558
2818 2017-02-16T17:40:08 2017-02-16T17:40:08 96.695 17.788 505299.300 -5581552.350 3433930.039 2099718.885 -1434.492 2076.773 -7177.140
2818 2017-02-16T17:40:09 2017-02-16T17:40:09 96.682 17.724 505295.600 -5582983.473 3436004.778 2092540.219 -1427.658 2072.568 -7179.713
2818 2017-02-16T17:40:10 2017-02-16T17:40:10 96.668 17.661 505292.000 -5584407.761 3438075.310 2085358.985 -1420.823 2068.360 -7182.277
2818 2017-02-16T17:40:11 2017-02-16T17:40:11 96.655 17.598 505288.300 -5585825.213 3440141.634 2078175.190 -1413.986 2064.150 -7184.833
2818 2017-02-16T17:40:12 2017-02-16T17:40:12 96.642 17.535 505284.700 -5587235.827 3442203.747 2070988.845 -1407.148 2059.937 -7187.379
2818 2017-02-16T17:40:13 2017-02-16T17:40:13 96.629 17.472 505281.200 -5588639.602 3444261.645 2063799.956 -1400.308 2055.722 -7189.917
2818 2017-02-16T17:40:14 2017-02-16T17:40:14 96.616 17.409 505277.600 -5590036.535 3446315.327 2056608.535 -1393.466 2051.505 -7192.446
2818 2017-02-16T17:40:15 2017-02-16T17:40:15 96.603 17.346 505274.100 -5591426.625 3448364.790 2049414.588 -1386.622 2047.284 -7194.966
2818 2017-02-16T17:40:16 2017-02-16T17:40:16 96.590 17.283 505270.600 -5592809.870 3450410.031 2042218.126 -1379.776 2043.062 -7197.478
2818 2017-02-16T17:40:17 2017-02-16T17:40:17 96.577 17.220 505267.100 -5594186.269 3452451.049 2035019.157 -1372.929 2038.837 -7199.980
2818 2017-02-16T17:40:18 2017-02-16T17:40:18 96.564 17.157 505263.700 -5595555.820 3454487.839 2027817.689 -1366.081 2034.609 -7202.474
2818 2017-02-16T17:40:19 2017-02-16T17:40:19 96.551 17.093 505260.300 -5596918.521 3456520.401 2020613.732 -1359.230 2030.379 -7204.959
2818 2017-02-16T17:40:20 2017-02-16T17:40:20 96.538 17.030 505256.900 -5598274.370 3458548.731 2013407.294 -1352.378 2026.146 -7207.435
2818 2017-02-16T17:40:21 2017-02-16T17:40:21 96.525 16.967 505253.600 -5599623.367 3460572.828 2006198.385 -1345.524 2021.911 -7209.902
2818 2017-02-16T17:40:22 2017-02-16T17:40:22 96.512 16.904 505250.200 -5600965.509 3462592.687 1998987.013 -1338.669 2017.673 -7212.360
2818 2017-02-16T17:40:23 2017-02-16T17:40:23 96.499 16.841 505246.900 -5602300.794 3464608.308 1991773.187 -1331.812 2013.433 -7214.809
2818 2017-02-16T17:40:24 2017-02-16T17:40:24 96.486 16.778 505243.700 -5603629.221 3466619.688 1984556.916 -1324.953 2009.191 -7217.250
2818 2017-02-16T17:40:25 2017-02-16T17:40:25 96.472 16.715 505240.400 -5604950.788 3468626.823 1977338.208 -1318.093 2004.946 -7219.682
2818 2017-02-16T17:40:26 2017-02-16T17:40:26 96.460 16.652 505237.200 -5606265.494 3470629.712 1970117.074 -1311.231 2000.698 -7222.105
2818 2017-02-16T17:40:27 2017-02-16T17:40:27 96.447 16.589 505234.000 -5607573.338 3472628.353 1962893.520 -1304.368 1996.448 -7224.519
2818 2017-02-16T17:40:28 2017-02-16T17:40:28 96.433 16.526 505230.900 -5608874.316 3474622.742 1955667.557 -1297.503 1992.196 -7226.924
2818 2017-02-16T17:40:29 2017-02-16T17:40:29 96.420 16.462 505227.800 -5610168.429 3476612.878 1948439.192 -1290.636 1987.941 -7229.320
2818 2017-02-16T17:40:30 2017-02-16T17:40:30 96.407 16.399 505224.700 -5611455.674 3478598.757 1941208.437 -1283.768 1983.684 -7231.707
2818 2017-02-16T17:40:31 2017-02-16T17:40:31 96.394 16.336 505221.600 -5612736.049 3480580.377 1933975.299 -1276.898 1979.424 -7234.086
2818 2017-02-16T17:40:32 2017-02-16T17:40:32 96.382 16.273 505218.600 -5614009.554 3482557.737 1926739.787 -1270.026 1975.162 -7236.455
2818 2017-02-16T17:40:33 2017-02-16T17:40:33 96.368 16.210 505215.500 -5615276.186 3484530.833 1919501.910 -1263.153 1970.898 -7238.816
2818 2017-02-16T17:40:34 2017-02-16T17:40:34 96.356 16.147 505212.600 -5616535.944 3486499.663 1912261.676 -1256.279 1966.631 -7241.168
2818 2017-02-16T17:40:35 2017-02-16T17:40:35 96.343 16.084 505209.600 -5617788.827 3488464.225 1905019.095 -1249.403 1962.362 -7243.511
2818 2017-02-16T17:40:36 2017-02-16T17:40:36 96.330 16.021 505206.700 -5619034.832 3490424.516 1897774.175 -1242.525 1958.090 -7245.845
2818 2017-02-16T17:40:37 2017-02-16T17:40:37 96.317 15.958 505203.800 -5620273.960 3492380.535 1890526.925 -1235.646 1953.816 -7248.170
2818 2017-02-16T17:40:38 2017-02-16T17:40:38 96.304 15.894 505200.900 -5621506.207 3494332.278 1883277.355 -1228.766 1949.539 -7250.486
2818 2017-02-16T17:40:39 2017-02-16T17:40:39 96.291 15.831 505198.100 -5622731.572 3496279.743 1876025.473 -1221.884 1945.261 -7252.794
2818 2017-02-16T17:40:40 2017-02-16T17:40:40 96.278 15.768 505195.300 -5623950.055 3498222.927 1868771.288 -1215.000 1940.979 -7255.092
2818 2017-02-16T17:40:41 2017-02-16T17:40:41 96.265 15.705 505192.500 -5625161.652 3500161.830 1861514.809 -1208.115 1936.696 -7257.382
2818 2017-02-16T17:40:42 2017-02-16T17:40:42 96.252 15.642 505189.700 -5626366.364 3502096.447 1854256.044 -1201.228 1932.410 -7259.662
2818 2017-02-16T17:40:43 2017-02-16T17:40:43 96.239 15.579 505187.000 -5627564.188 3504026.777 1846995.004 -1194.340 1928.121 -7261.934
2818 2017-02-16T17:40:44 2017-02-16T17:40:44 96.226 15.516 505184.300 -5628755.124 3505952.817 1839731.696 -1187.451 1923.831 -7264.197
2818 2017-02-16T17:40:45 2017-02-16T17:40:45 96.213 15.453 505181.600 -5629939.168 3507874.565 1832466.129 -1180.560 1919.537 -7266.451
2818 2017-02-16T17:40:46 2017-02-16T17:40:46 96.200 15.390 505179.000 -5631116.321 3509792.019 1825198.314 -1173.667 1915.242 -7268.696
2818 2017-02-16T17:40:47 2017-02-16T17:40:47 96.187 15.326 505176.400 -5632286.581 3511705.176 1817928.257 -1166.774 1910.944 -7270.932
2818 2017-02-16T17:40:48 2017-02-16T17:40:48 96.174 15.263 505173.800 -5633449.946 3513614.034 1810655.969 -1159.878 1906.644 -7273.159
2818 2017-02-16T17:40:49 2017-02-16T17:40:49 96.162 15.200 505171.300 -5634606.414 3515518.590 1803381.458 -1152.982 1902.342 -7275.377
2818 2017-02-16T17:40:50 2017-02-16T17:40:50 96.149 15.137 505168.700 -5635755.985 3517418.843 1796104.734 -1146.084 1898.037 -7277.586
2818 2017-02-16T17:40:51 2017-02-16T17:40:51 96.136 15.074 505166.300 -5636898.657 3519314.789 1788825.804 -1139.184 1893.730 -7279.787
2818 2017-02-16T17:40:52 2017-02-16T17:40:52 96.123 15.011 505163.800 -5638034.429 3521206.427 1781544.679 -1132.283 1889.420 -7281.978
2818 2017-02-16T17:40:53 2017-02-16T17:40:53 96.110 14.948 505161.400 -5639163.299 3523093.755 1774261.367 -1125.381 1885.109 -7284.161
2818 2017-02-16T17:40:54 2017-02-16T17:40:54 96.097 14.885 505159.000 -5640285.266 3524976.769 1766975.876 -1118.477 1880.795 -7286.334
2818 2017-02-16T17:40:55 2017-02-16T17:40:55 96.084 14.821 505156.600 -5641400.328 3526855.468 1759688.217 -1111.572 1876.478 -7288.499
2818 2017-02-16T17:40:56 2017-02-16T17:40:56 96.072 14.758 505154.200 -5642508.484 3528729.850 1752398.397 -1104.666 1872.160 -7290.654
2818 2017-02-16T17:40:57 2017-02-16T17:40:57 96.059 14.695 505151.900 -5643609.733 3530599.911 1745106.426 -1097.758 1867.839 -7292.801
2818 2017-02-16T17:40:58 2017-02-16T17:40:58 96.046 14.632 505149.600 -5644704.073 3532465.650 1737812.313 -1090.849 1863.515 -7294.939
2818 2017-02-16T17:40:59 2017-02-16T17:40:59 96.033 14.569 505147.400 -5645789.336 3534323.347 1730530.660 -1083.953 1859.199 -7297.063
2818 2017-02-16T17:41:00 2017-02-16T17:41:00 96.020 14.506 505145.200 -5646869.869 3536180.443 1723232.294 -1077.041 1854.871 -7299.183
2818 2017-02-16T17:41:01 2017-02-16T17:41:01 96.007 14.443 505143.000 -5647943.489 3538033.211 1715931.812 -1070.128 1850.541 -7301.294
2818 2017-02-16T17:41:02 2017-02-16T17:41:02 95.994 14.380 505140.800 -5649010.196 3539881.647 1708629.223 -1063.214 1846.208 -7303.396
2818 2017-02-16T17:41:03 2017-02-16T17:41:03 95.982 14.317 505138.700 -5650069.987 3541725.750 1701324.537 -1056.298 1841.874 -7305.489
2818 2017-02-16T17:41:04 2017-02-16T17:41:04 95.969 14.253 505136.600 -5651122.862 3543565.517 1694017.762 -1049.381 1837.537 -7307.573
2818 2017-02-16T17:41:05 2017-02-16T17:41:05 95.956 14.190 505134.500 -5652168.819 3545400.946 1686708.908 -1042.463 1833.198 -7309.648
2818 2017-02-16T17:41:06 2017-02-16T17:41:06 95.943 14.127 505132.400 -5653207.857 3547232.034 1679397.983 -1035.544 1828.857 -7311.714
2818 2017-02-16T17:41:07 2017-02-16T17:41:07 95.930 14.064 505130.400 -5654239.975 3549058.780 1672084.997 -1028.623 1824.513 -7313.771
2818 2017-02-16T17:41:08 2017-02-16T17:41:08 95.918 14.001 505128.400 -5655265.171 3550881.181 1664769.958 -1021.701 1820.167 -7315.819
2818 2017-02-16T17:41:09 2017-02-16T17:41:09 95.905 13.938 505126.500 -5656283.444 3552699.235 1657452.875 -1014.778 1815.819 -7317.858
2818 2017-02-16T17:41:10 2017-02-16T17:41:10 95.892 13.875 505124.500 -5657294.793 3554512.940 1650133.758 -1007.853 1811.469 -7319.888
2818 2017-02-16T17:41:11 2017-02-16T17:41:11 95.879 13.812 505122.600 -5658299.217 3556322.293 1642812.615 -1000.927 1807.117 -7321.909
2818 2017-02-16T17:41:12 2017-02-16T17:41:12 95.866 13.748 505120.800 -5659296.714 3558127.293 1635489.455 -994.001 1802.762 -7323.921
2818 2017-02-16T17:41:13 2017-02-16T17:41:13 95.854 13.685 505118.900 -5660287.284 3559927.937 1628164.287 -987.072 1798.405 -7325.925
2818 2017-02-16T17:41:14 2017-02-16T17:41:14 95.841 13.622 505117.100 -5661270.924 3561724.222 1620837.121 -980.143 1794.046 -7327.919
2818 2017-02-16T17:41:15 2017-02-16T17:41:15 95.828 13.559 505115.400 -5662247.635 3563516.148 1613507.965 -973.212 1789.685 -7329.904
2818 2017-02-16T17:41:16 2017-02-16T17:41:16 95.815 13.496 505113.600 -5663217.414 3565303.711 1606176.829 -966.281 1785.321 -7331.880
2818 2017-02-16T17:41:17 2017-02-16T17:41:17 95.803 13.433 505111.900 -5664180.260 3567086.909 1598843.720 -959.348 1780.956 -7333.847
2818 2017-02-16T17:41:18 2017-02-16T17:41:18 95.790 13.370 505110.200 -5665136.173 3568865.740 1591508.649 -952.414 1776.588 -7335.805
2818 2017-02-16T17:41:19 2017-02-16T17:41:19 95.777 13.306 505108.600 -5666085.151 3570640.202 1584171.625 -945.479 1772.218 -7337.754
2818 2017-02-16T17:41:20 2017-02-16T17:41:20 95.764 13.243 505106.900 -5667027.192 3572410.293 1576832.655 -938.542 1767.846 -7339.695
2818 2017-02-16T17:41:21 2017-02-16T17:41:21 95.752 13.180 505105.300 -5667962.297 3574176.011 1569491.750 -931.605 1763.472 -7341.626
2818 2017-02-16T17:41:22 2017-02-16T17:41:22 95.739 13.117 505103.800 -5668890.463 3575937.353 1562148.918 -924.666 1759.095 -7343.548
2818 2017-02-16T17:41:23 2017-02-16T17:41:23 95.726 13.054 505102.200 -5669811.690 3577694.317 1554804.169 -917.726 1754.716 -7345.461
2818 2017-02-16T17:41:24 2017-02-16T17:41:24 95.713 12.991 505100.700 -5670725.976 3579446.902 1547457.511 -910.785 1750.336 -7347.365
2818 2017-02-16T17:41:25 2017-02-16T17:41:25 95.701 12.928 505099.300 -5671633.320 3581195.104 1540108.953 -903.843 1745.953 -7349.260
2818 2017-02-16T17:41:26 2017-02-16T17:41:26 95.688 12.865 505097.800 -5672533.722 3582938.923 1532758.504 -896.900 1741.568 -7351.146
2818 2017-02-16T17:41:27 2017-02-16T17:41:27 95.675 12.801 505096.400 -5673427.180 3584678.355 1525406.174 -889.956 1737.181 -7353.023
2818 2017-02-16T17:41:28 2017-02-16T17:41:28 95.663 12.738 505095.000 -5674313.692 3586413.399 1518051.972 -883.010 1732.791 -7354.891
2818 2017-02-16T17:41:29 2017-02-16T17:41:29 95.650 12.675 505093.700 -5675192.383 3588142.324 1510703.262 -876.071 1728.404 -7356.748
2818 2017-02-16T17:41:30 2017-02-16T17:41:30 95.637 12.612 505092.400 -5676065.009 3589868.589 1503345.344 -869.123 1724.011 -7358.598
2818 2017-02-16T17:41:31 2017-02-16T17:41:31 95.624 12.549 505091.100 -5676930.687 3591590.459 1495985.579 -862.175 1719.615 -7360.439
2818 2017-02-16T17:41:32 2017-02-16T17:41:32 95.612 12.486 505089.800 -5677789.416 3593307.932 1488623.979 -855.225 1715.217 -7362.271
2818 2017-02-16T17:41:33 2017-02-16T17:41:33 95.599 12.422 505088.600 -5678641.194 3595021.007 1481260.551 -848.275 1710.817 -7364.094
2818 2017-02-16T17:41:34 2017-02-16T17:41:34 95.586 12.359 505087.400 -5679486.021 3596729.680 1473895.304 -841.323 1706.415 -7365.907
2818 2017-02-16T17:41:35 2017-02-16T17:41:35 95.574 12.296 505086.200 -5680323.896 3598433.951 1466528.249 -834.370 1702.011 -7367.712
2818 2017-02-16T17:41:36 2017-02-16T17:41:36 95.561 12.233 505085.100 -5681154.817 3600133.816 1459159.393 -827.417 1697.605 -7369.508
2818 2017-02-16T17:41:37 2017-02-16T17:41:37 95.548 12.170 505084.000 -5681978.784 3601829.274 1451788.745 -820.462 1693.197 -7371.295
2818 2017-02-16T17:41:38 2017-02-16T17:41:38 95.536 12.107 505082.900 -5682795.795 3603520.322 1444416.316 -813.506 1688.787 -7373.072
2818 2017-02-16T17:41:39 2017-02-16T17:41:39 95.523 12.044 505081.900 -5683605.850 3605206.959 1437042.113 -806.550 1684.375 -7374.841
2818 2017-02-16T17:41:40 2017-02-16T17:41:40 95.510 11.980 505080.900 -5684408.948 3606889.183 1429666.147 -799.592 1679.960 -7376.600
2818 2017-02-16T17:41:41 2017-02-16T17:41:41 95.498 11.917 505079.900 -5685205.087 3608566.991 1422288.425 -792.633 1675.544 -7378.351
2818 2017-02-16T17:41:42 2017-02-16T17:41:42 95.485 11.854 505079.000 -5685994.267 3610240.381 1414908.957 -785.674 1671.125 -7380.092
2818 2017-02-16T17:41:43 2017-02-16T17:41:43 95.472 11.791 505078.100 -5686776.486 3611909.352 1407527.753 -778.713 1666.705 -7381.824
2818 2017-02-16T17:41:44 2017-02-16T17:41:44 95.460 11.728 505077.200 -5687551.744 3613573.901 1400144.821 -771.751 1662.282 -7383.548
2818 2017-02-16T17:41:45 2017-02-16T17:41:45 95.447 11.665 505076.300 -5688320.040 3615234.027 1392760.169 -764.789 1657.858 -7385.262
2818 2017-02-16T17:41:46 2017-02-16T17:41:46 95.435 11.602 505075.500 -5689081.373 3616889.726 1385373.809 -757.826 1653.431 -7386.967
2818 2017-02-16T17:41:47 2017-02-16T17:41:47 95.422 11.538 505074.700 -5689835.741 3618540.998 1377985.747 -750.861 1649.002 -7388.663
2818 2017-02-16T17:41:48 2017-02-16T17:41:48 95.409 11.475 505073.900 -5690583.145 3620187.840 1370595.994 -743.896 1644.572 -7390.350
2818 2017-02-16T17:41:49 2017-02-16T17:41:49 95.397 11.412 505073.200 -5691323.582 3621830.250 1363204.558 -736.930 1640.139 -7392.028
2818 2017-02-16T17:41:50 2017-02-16T17:41:50 95.384 11.349 505072.500 -5692057.053 3623468.227 1355811.449 -729.963 1635.704 -7393.697
2818 2017-02-16T17:41:51 2017-02-16T17:41:51 95.371 11.286 505071.900 -5692783.556 3625101.767 1348416.676 -722.995 1631.268 -7395.356
2818 2017-02-16T17:41:52 2017-02-16T17:41:52 95.359 11.223 505071.200 -5693503.091 3626730.870 1341020.247 -716.026 1626.829 -7397.007
2818 2017-02-16T17:41:53 2017-02-16T17:41:53 95.346 11.160 505070.600 -5694215.656 3628355.533 1333622.173 -709.056 1622.388 -7398.649
2818 2017-02-16T17:41:54 2017-02-16T17:41:54 95.334 11.096 505070.000 -5694921.250 3629975.754 1326222.461 -702.086 1617.946 -7400.281
2818 2017-02-16T17:41:55 2017-02-16T17:41:55 95.321 11.033 505069.500 -5695619.874 3631591.531 1318821.121 -695.114 1613.501 -7401.905
2818 2017-02-16T17:41:56 2017-02-16T17:41:56 95.308 10.970 505069.000 -5696311.525 3633202.863 1311418.162 -688.142 1609.055 -7403.519
2818 2017-02-16T17:41:57 2017-02-16T17:41:57 95.296 10.907 505068.500 -5696996.204 3634809.747 1304013.593 -681.169 1604.606 -7405.124
2818 2017-02-16T17:41:58 2017-02-16T17:41:58 95.283 10.844 505068.100 -5697673.909 3636412.181 1296607.424 -674.195 1600.155 -7406.720
2818 2017-02-16T17:41:59 2017-02-16T17:41:59 95.271 10.781 505067.700 -5698343.972 3638008.568 1289207.070 -667.227 1595.707 -7408.306
2818 2017-02-16T17:42:00 2017-02-16T17:42:00 95.258 10.717 505067.300 -5699007.733 3639602.101 1281797.728 -660.252 1591.253 -7409.884
2818 2017-02-16T17:42:01 2017-02-16T17:42:01 95.245 10.654 505066.900 -5699664.519 3641191.179 1274386.813 -653.276 1586.797 -7411.453
2818 2017-02-16T17:42:02 2017-02-16T17:42:02 95.233 10.591 505066.600 -5700314.328 3642775.800 1266974.332 -646.298 1582.338 -7413.013
2818 2017-02-16T17:42:03 2017-02-16T17:42:03 95.220 10.528 505066.300 -5700957.159 3644355.961 1259560.297 -639.320 1577.878 -7414.563
2818 2017-02-16T17:42:04 2017-02-16T17:42:04 95.208 10.465 505066.100 -5701593.011 3645931.660 1252144.716 -632.342 1573.416 -7416.105
2818 2017-02-16T17:42:05 2017-02-16T17:42:05 95.195 10.402 505065.800 -5702221.884 3647502.897 1244727.597 -625.362 1568.952 -7417.637
2818 2017-02-16T17:42:06 2017-02-16T17:42:06 95.183 10.339 505065.700 -5702843.777 3649069.668 1237308.950 -618.382 1564.486 -7419.161
2818 2017-02-16T17:42:07 2017-02-16T17:42:07 95.170 10.275 505065.500 -5703458.689 3650631.972 1229888.785 -611.401 1560.018 -7420.675
2818 2017-02-16T17:42:08 2017-02-16T17:42:08 95.157 10.212 505065.400 -5704066.620 3652189.807 1222467.110 -604.419 1555.548 -7422.180
2818 2017-02-16T17:42:09 2017-02-16T17:42:09 95.145 10.149 505065.300 -5704667.568 3653743.171 1215043.934 -597.437 1551.076 -7423.676
2818 2017-02-16T17:42:10 2017-02-16T17:42:10 95.132 10.086 505065.200 -5705261.533 3655292.062 1207619.266 -590.454 1546.603 -7425.163
2818 2017-02-16T17:42:11 2017-02-16T17:42:11 95.120 10.023 505065.200 -5705848.514 3656836.479 1200193.117 -583.470 1542.127 -7426.641
2818 2017-02-16T17:42:12 2017-02-16T17:42:12 95.107 9.960 505065.200 -5706428.511 3658376.419 1192765.494 -576.485 1537.650 -7428.110
2818 2017-02-16T17:42:13 2017-02-16T17:42:13 95.095 9.896 505065.200 -5707001.523 3659911.880 1185336.406 -569.500 1533.171 -7429.569
2818 2017-02-16T17:42:14 2017-02-16T17:42:14 95.082 9.833 505065.300 -5707567.549 3661442.861 1177905.864 -562.514 1528.689 -7431.020
2818 2017-02-16T17:42:15 2017-02-16T17:42:15 95.070 9.770 505065.400 -5708126.588 3662969.360 1170473.876 -555.527 1524.206 -7432.461
2818 2017-02-16T17:42:16 2017-02-16T17:42:16 95.057 9.707 505065.500 -5708678.640 3664491.375 1163040.450 -548.540 1519.722 -7433.893
