00001 2017 02 16
17 33  9.000 310.1705  67.1500     2084.73   99.4011    5.0514
17 33 10.000 310.1407  67.2310     2077.65   99.3211    5.1325
17 33 11.000 310.1107  67.3123     2070.57   99.2407    5.2139
17 33 12.000 310.0805  67.3940     2063.49   99.1600    5.2957
17 33 13.000 310.0500  67.4760     2056.41   99.0790    5.3779
17 33 14.000 310.0193  67.5584     2049.33   98.9976    5.4603
17 33 15.000 309.9883  67.6412     2042.26   98.9159    5.5431
17 33 16.000 309.9570  67.7243     2035.18   98.8338    5.6263
17 33 17.000 309.9255  67.8078     2028.11   98.7513    5.7099
17 33 18.000 309.8938  67.8916     2021.04   98.6685    5.7938
17 33 19.000 309.8617  67.9759     2013.97   98.5854    5.8780
17 33 20.000 309.8294  68.0605     2006.90   98.5018    5.9626
17 33 21.000 309.7968  68.1454     1999.83   98.4179    6.0476
17 33 22.000 309.7639  68.2308     1992.76   98.3336    6.1330
17 33 23.000 309.7308  68.3166     1985.70   98.2490    6.2187
17 33 24.000 309.6973  68.4027     1978.63   98.1640    6.3049
17 33 25.000 309.6635  68.4893     1971.57   98.0785    6.3914
17 33 26.000 309.6294  68.5762     1964.51   97.9927    6.4783
17 33 27.000 309.5950  68.6636     1957.45   97.9065    6.5656
17 33 28.000 309.5603  68.7513     1950.39   97.8199    6.6533
17 33 29.000 309.5253  68.8394     1943.34   97.7330    6.7413
17 33 30.000 309.4899  68.9280     1936.28   97.6456    6.8298
17 33 31.000 309.4542  69.0170     1929.22   97.5578    6.9187
17 33 32.000 309.4181  69.1065     1922.17   97.4696    7.0081
17 33 33.000 309.3817  69.1964     1915.12   97.3809    7.0978
17 33 34.000 309.3449  69.2867     1908.07   97.2918    7.1880
17 33 35.000 309.3077  69.3774     1901.02   97.2023    7.2786
17 33 36.000 309.2702  69.4686     1893.97   97.1124    7.3697
17 33 37.000 309.2322  69.5603     1886.93   97.0220    7.4611
17 33 38.000 309.1939  69.6524     1879.88   96.9312    7.5531
17 33 39.000 309.1551  69.7450     1872.84   96.8399    7.6455
17 33 40.000 309.1160  69.8380     1865.80   96.7482    7.7383
17 33 41.000 309.0764  69.9315     1858.76   96.6560    7.8316
17 33 42.000 309.0364  70.0255     1851.72   96.5633    7.9253
17 33 43.000 308.9960  70.1200     1844.69   96.4702    8.0196
17 33 44.000 308.9551  70.2149     1837.65   96.3766    8.1143
17 33 45.000 308.9137  70.3104     1830.62   96.2826    8.2094
17 33 46.000 308.8719  70.4063     1823.59   96.1880    8.3051
17 33 47.000 308.8296  70.5028     1816.56   96.0930    8.4013
17 33 48.000 308.7868  70.5997     1809.54   95.9974    8.4979
17 33 49.000 308.7435  70.6972     1802.51   95.9014    8.5951
17 33 50.000 308.6997  70.7952     1795.49   95.8049    8.6927
17 33 51.000 308.6553  70.8937     1788.47   95.7078    8.7909
17 33 52.000 308.6104  70.9928     1781.45   95.6102    8.8896
17 33 53.000 308.5649  71.0924     1774.44   95.5121    8.9888
17 33 54.000 308.5189  71.1925     1767.42   95.4135    9.0886
17 33 55.000 308.4723  71.2932     1760.41   95.3143    9.1889
17 33 56.000 308.4251  71.3944     1753.40   95.2146    9.2897
17 33 57.000 308.3773  71.4962     1746.39   95.1144    9.3911
17 33 58.000 308.3288  71.5986     1739.39   95.0135    9.4930
17 33 59.000 308.2798  71.7015     1732.39   94.9123    9.5954
17 34  0.000 308.2301  71.8050     1725.39   94.8103    9.6985
17 34  1.000 308.1796  71.9091     1718.39   94.7078    9.8021
17 34  2.000 308.1285  72.0139     1711.40   94.6047    9.9064
17 34  3.000 308.0767  72.1192     1704.40   94.5010   10.0112
17 34  4.000 308.0241  72.2251     1697.41   94.3967   10.1166
17 34  5.000 307.9707  72.3317     1690.42   94.2918   10.2226
17 34  6.000 307.9166  72.4389     1683.44   94.1863   10.3293
17 34  7.000 307.8617  72.5467     1676.45   94.0802   10.4365
17 34  8.000 307.8060  72.6551     1669.47   93.9734   10.5444
17 34  9.000 307.7494  72.7642     1662.50   93.8660   10.6529
17 34 10.000 307.6919  72.8740     1655.52   93.7580   10.7621
17 34 11.000 307.6336  72.9844     1648.55   93.6493   10.8719
17 34 12.000 307.5743  73.0955     1641.58   93.5400   10.9823
17 34 13.000 307.5141  73.2073     1634.61   93.4300   11.0934
17 34 14.000 307.4529  73.3198     1627.65   93.3193   11.2052
17 34 15.000 307.3908  73.4329     1620.69   93.2080   11.3177
17 34 16.000 307.3275  73.5468     1613.73   93.0959   11.4309
17 34 17.000 307.2632  73.6614     1606.77   92.9832   11.5448
17 34 18.000 307.1978  73.7766     1599.82   92.8697   11.6593
17 34 19.000 307.1313  73.8927     1592.87   92.7556   11.7746
17 34 20.000 307.0636  74.0094     1585.93   92.6407   11.8907
17 34 21.000 306.9947  74.1269     1578.99   92.5251   12.0074
17 34 22.000 306.9245  74.2452     1572.05   92.4087   12.1249
17 34 23.000 306.8531  74.3643     1565.11   92.2916   12.2432
17 34 24.000 306.7803  74.4841     1558.18   92.1737   12.3622
17 34 25.000 306.7061  74.6047     1551.25   92.0550   12.4820
17 34 26.000 306.6305  74.7260     1544.33   91.9356   12.6026
17 34 27.000 306.5535  74.8482     1537.40   91.8153   12.7239
17 34 28.000 306.4749  74.9713     1530.49   91.6943   12.8461
17 34 29.000 306.3948  75.0950     1523.58   91.5726   12.9689
17 34 30.000 306.3130  75.2196     1516.67   91.4499   13.0928
17 34 31.000 306.2295  75.3451     1509.76   91.3264   13.2174
17 34 32.000 306.1442  75.4715     1502.86   91.2020   13.3429
17 34 33.000 306.0571  75.5988     1495.96   91.0768   13.4692
17 34 34.000 305.9681  75.7269     1489.06   90.9507   13.5964
17 34 35.000 305.8772  75.8559     1482.17   90.8237   13.7245
17 34 36.000 305.7842  75.9858     1475.29   90.6958   13.8535
17 34 37.000 305.6890  76.1166     1468.40   90.5671   13.9834
17 34 38.000 305.5917  76.2483     1461.53   90.4374   14.1142
17 34 39.000 305.4920  76.3809     1454.65   90.3068   14.2459
17 34 40.000 305.3900  76.5145     1447.78   90.1752   14.3786
17 34 41.000 305.2854  76.6491     1440.92   90.0427   14.5122
17 34 42.000 305.1783  76.7846     1434.06   89.9092   14.6468
17 34 43.000 305.0685  76.9211     1427.20   89.7748   14.7824
17 34 44.000 304.9558  77.0586     1420.35   89.6393   14.9190
17 34 45.000 304.8402  77.1971     1413.50   89.5029   15.0565
17 34 46.000 304.7215  77.3366     1406.66   89.3654   15.1951
17 34 47.000 304.5996  77.4772     1399.83   89.2269   15.3347
17 34 48.000 304.4743  77.6188     1392.99   89.0873   15.4754
17 34 49.000 304.3454  77.7614     1386.17   88.9467   15.6171
17 34 50.000 304.2129  77.9051     1379.35   88.8050   15.7599
17 34 51.000 304.0765  78.0499     1372.53   88.6622   15.9039
17 34 52.000 303.9360  78.1958     1365.72   88.5182   16.0489
17 34 53.000 303.7913  78.3427     1358.92   88.3732   16.1950
17 34 54.000 303.6421  78.4908     1352.12   88.2270   16.3423
17 34 55.000 303.4882  78.6400     1345.32   88.0797   16.4907
17 34 56.000 303.3293  78.7904     1338.53   87.9311   16.6403
17 34 57.000 303.1651  78.9419     1331.75   87.7814   16.7911
17 34 58.000 302.9955  79.0946     1324.97   87.6305   16.9431
17 34 59.000 302.8203  79.2483     1318.21   87.4785   17.0961
17 35  0.000 302.6387  79.4034     1311.45   87.3251   17.2506
17 35  1.000 302.4506  79.5596     1304.69   87.1705   17.4063
17 35  2.000 302.2556  79.7171     1297.94   87.0146   17.5633
17 35  3.000 302.0534  79.8758     1291.19   86.8573   17.7216
17 35  4.000 301.8434  80.0358     1284.45   86.6988   17.8812
17 35  5.000 301.6252  80.1970     1277.72   86.5389   18.0421
17 35  6.000 301.3983  80.3595     1270.99   86.3776   18.2044
17 35  7.000 301.1620  80.5232     1264.27   86.2150   18.3680
17 35  8.000 300.9159  80.6882     1257.56   86.0510   18.5331
17 35  9.000 300.6592  80.8546     1250.86   85.8856   18.6995
17 35 10.000 300.3912  81.0222     1244.16   85.7187   18.8674
17 35 11.000 300.1110  81.1911     1237.47   85.5503   19.0368
17 35 12.000 299.8179  81.3614     1230.79   85.3805   19.2076
17 35 13.000 299.5109  81.5329     1224.11   85.2092   19.3799
17 35 14.000 299.1889  81.7059     1217.45   85.0363   19.5538
17 35 15.000 298.8507  81.8801     1210.79   84.8619   19.7292
17 35 16.000 298.4951  82.0556     1204.14   84.6859   19.9061
17 35 17.000 298.1207  82.2325     1197.49   84.5083   20.0847
17 35 18.000 297.7259  82.4108     1190.86   84.3291   20.2648
17 35 19.000 297.3089  82.5903     1184.23   84.1483   20.4467
17 35 20.000 296.8677  82.7711     1177.62   83.9657   20.6301
17 35 21.000 296.4003  82.9532     1171.01   83.7815   20.8153
17 35 22.000 295.9042  83.1366     1164.41   83.5955   21.0022
17 35 23.000 295.3766  83.3213     1157.82   83.4078   21.1908
17 35 24.000 294.8144  83.5071     1151.24   83.2183   21.3812
17 35 25.000 294.2142  83.6941     1144.67   83.0270   21.5734
17 35 26.000 293.5719  83.8823     1138.10   82.8338   21.7674
17 35 27.000 292.8830  84.0714     1131.55   82.6388   21.9632
17 35 28.000 292.1423  84.2616     1125.01   82.4419   22.1610
17 35 29.000 291.3450  84.4525     1118.48   82.2433   22.3604
17 35 30.000 290.4823  84.6444     1111.96   82.0425   22.5620
17 35 31.000 289.5471  84.8369     1105.45   81.8397   22.7656
17 35 32.000 288.5305  85.0299     1098.95   81.6349   22.9712
17 35 33.000 287.4217  85.2232     1092.46   81.4281   23.1788
17 35 34.000 286.2084  85.4166     1085.98   81.2192   23.3885
17 35 35.000 284.8761  85.6098     1079.51   81.0081   23.6002
17 35 36.000 283.4076  85.8024     1073.06   80.7949   23.8141
17 35 37.000 281.7830  85.9940     1066.62   80.5796   24.0302
17 35 38.000 279.9787  86.1841     1060.18   80.3620   24.2485
17 35 39.000 277.9670  86.3720     1053.76   80.1421   24.4690
17 35 40.000 275.7153  86.5569     1047.36   79.9200   24.6918
17 35 41.000 273.1859  86.7379     1040.96   79.6955   24.9168
17 35 42.000 270.3354  86.9137     1034.58   79.4686   25.1443
17 35 43.000 267.1149  87.0829     1028.21   79.2394   25.3741
17 35 44.000 263.4715  87.2434     1021.86   79.0077   25.6063
17 35 45.000 259.3510  87.3931     1015.52   78.7735   25.8410
17 35 46.000 254.7041  87.5293     1009.19   78.5368   26.0781
17 35 47.000 249.4955  87.6486     1002.88   78.2975   26.3179
17 35 48.000 243.7179  87.7477      996.58   78.0556   26.5602
17 35 49.000 237.4077  87.8228      990.30   77.8111   26.8051
17 35 50.000 230.6585  87.8703      984.03   77.5639   27.0526
17 35 51.000 223.6238  87.8872      977.78   77.3139   27.3029
17 35 52.000 216.5032  87.8720      971.54   77.0612   27.5559
17 35 53.000 209.5109  87.8240      965.32   76.8056   27.8118
17 35 54.000 202.8392  87.7443      959.11   76.5471   28.0704
17 35 55.000 196.6302  87.6350      952.92   76.2858   28.3319
17 35 56.000 190.9654  87.4991      946.75   76.0214   28.5964
17 35 57.000 185.8710  87.3394      940.60   75.7540   28.8638
17 35 58.000 181.3329  87.1592      934.46   75.4836   29.1343
17 35 59.000 177.3155  86.9612      928.35   75.2103   29.4075
17 36  0.000 173.7605  86.7475      922.25   74.9336   29.6842
17 36  1.000 170.6176  86.5201      916.17   74.6536   29.9640
17 36  2.000 167.8345  86.2808      910.11   74.3704   30.2470
17 36  3.000 165.3634  86.0309      904.07   74.0839   30.5333
17 36  4.000 163.1619  85.7714      898.04   73.7939   30.8229
17 36  5.000 161.1934  85.5033      892.04   73.5006   31.1159
17 36  6.000 159.4264  85.2271      886.06   73.2037   31.4123
17 36  7.000 157.8341  84.9436      880.10   72.9033   31.7122
17 36  8.000 156.3935  84.6531      874.16   72.5993   32.0156
17 36  9.000 155.0854  84.3559      868.25   72.2916   32.3226
17 36 10.000 153.8931  84.0525      862.36   71.9802   32.6332
17 36 11.000 152.8028  83.7430      856.49   71.6650   32.9476
17 36 12.000 151.8022  83.4275      850.64   71.3459   33.2657
17 36 13.000 150.8812  83.1064      844.82   71.0230   33.5876
17 36 14.000 150.0309  82.7795      839.02   70.6961   33.9133
17 36 15.000 149.2435  82.4471      833.25   70.3652   34.2430
17 36 16.000 148.5126  82.1092      827.50   70.0301   34.5767
17 36 17.000 147.8322  81.7659      821.78   69.6910   34.9144
17 36 18.000 147.1974  81.4171      816.08   69.3476   35.2562
17 36 19.000 146.6038  81.0629      810.42   68.9999   35.6022
17 36 20.000 146.0474  80.7033      804.78   68.6479   35.9523
17 36 21.000 145.5249  80.3382      799.17   68.2914   36.3068
17 36 22.000 145.0333  79.9677      793.59   67.9305   36.6656
17 36 23.000 144.5699  79.5918      788.03   67.5651   37.0287
17 36 24.000 144.1322  79.2103      782.51   67.1950   37.3963
17 36 25.000 143.7181  78.8233      777.02   66.8203   37.7685
17 36 26.000 143.3259  78.4307      771.56   66.4408   38.1451
17 36 27.000 142.9536  78.0325      766.14   66.0565   38.5264
17 36 28.000 142.5998  77.6286      760.74   65.6673   38.9124
17 36 29.000 142.2632  77.2189      755.38   65.2732   39.3031
17 36 30.000 141.9424  76.8035      750.06   64.8741   39.6986
17 36 31.000 141.6363  76.3822      744.77   64.4699   40.0989
17 36 32.000 141.3439  75.9550      739.52   64.0606   40.5041
17 36 33.000 141.0643  75.5219      734.30   63.6461   40.9142
17 36 34.000 140.7965  75.0827      729.12   63.2263   41.3294
17 36 35.000 140.5399  74.6373      723.98   62.8012   41.7495
17 36 36.000 140.2936  74.1858      718.88   62.3706   42.1748
17 36 37.000 140.0570  73.7281      713.82   61.9347   42.6052
17 36 38.000 139.8296  73.2640      708.80   61.4932   43.0407
17 36 39.000 139.6108  72.7936      703.82   61.0461   43.4814
17 36 40.000 139.4000  72.3167      698.88   60.5935   43.9274
17 36 41.000 139.1968  71.8333      693.99   60.1351   44.3787
17 36 42.000 139.0008  71.3432      689.14   59.6710   44.8352
17 36 43.000 138.8115  70.8466      684.34   59.2011   45.2970
17 36 44.000 138.6286  70.3431      679.58   58.7254   45.7642
17 36 45.000 138.4517  69.8329      674.88   58.2438   46.2368
17 36 46.000 138.2806  69.3159      670.22   57.7563   46.7147
17 36 47.000 138.1148  68.7919      665.61   57.2629   47.1979
17 36 48.000 137.9541  68.2609      661.05   56.7634   47.6865
17 36 49.000 137.7984  67.7229      656.54   56.2580   48.1804
17 36 50.000 137.6472  67.1777      652.08   55.7465   48.6797
17 36 51.000 137.5004  66.6254      647.68   55.2289   49.1843
17 36 52.000 137.3578  66.0659      643.34   54.7053   49.6941
17 36 53.000 137.2192  65.4991      639.05   54.1755   50.2091
17 36 54.000 137.0843  64.9250      634.81   53.6397   50.7293
17 36 55.000 136.9531  64.3436      630.64   53.0977   51.2546
17 36 56.000 136.8253  63.7548      626.52   52.5497   51.7849
17 36 57.000 136.7009  63.1585      622.47   51.9956   52.3201
17 36 58.000 136.5795  62.5548      618.48   51.4355   52.8601
17 36 59.000 136.4613  61.9448      614.56   50.8705   53.4037
17 37  0.000 136.3458  61.3261      610.69   50.2983   53.9529
17 37  1.000 136.2331  60.6999      606.89   49.7203   54.5065
17 37  2.000 136.1230  60.0662      603.16   49.1364   55.0643
17 37  3.000 136.0154  59.4250      599.49   48.5467   55.6262
17 37  4.000 135.9103  58.7762      595.90   47.9513   56.1918
17 37  5.000 135.8075  58.1200      592.38   47.3502   56.7610
17 37  6.000 135.7069  57.4563      588.92   46.7437   57.3334
17 37  7.000 135.6085  56.7851      585.54   46.1318   57.9088
17 37  8.000 135.5121  56.1065      582.24   45.5145   58.4869
17 37  9.000 135.4177  55.4205      579.01   44.8922   59.0672
17 37 10.000 135.3253  54.7272      575.86   44.2650   59.6494
17 37 11.000 135.2346  54.0266      572.78   43.6329   60.2331
17 37 12.000 135.1457  53.3189      569.79   42.9963   60.8177
17 37 13.000 135.0585  52.6040      566.87   42.3553   61.4027
17 37 14.000 134.9729  51.8821      564.04   41.7102   61.9876
17 37 15.000 134.8890  51.1533      561.29   41.0612   62.5718
17 37 16.000 134.8065  50.4177      558.63   40.4086   63.1544
17 37 17.000 134.7255  49.6754      556.05   39.7528   63.7349
17 37 18.000 134.6459  48.9265      553.56   39.0939   64.3123
17 37 19.000 134.5677  48.1712      551.16   38.4323   64.8858
17 37 20.000 134.4908  47.4096      548.84   37.7685   65.4544
17 37 21.000 134.4152  46.6419      546.62   37.1028   66.0171
17 37 22.000 134.3408  45.8683      544.49   36.4356   66.5727
17 37 23.000 134.2676  45.0889      542.45   35.7674   67.1200
17 37 24.000 134.1955  44.3040      540.50   35.0987   67.6577
17 37 25.000 134.1246  43.5138      538.65   34.4299   68.1844
17 37 26.000 134.0547  42.7184      536.90   33.7616   68.6984
17 37 27.000 133.9859  41.9180      535.24   33.0945   69.1982
17 37 28.000 133.9181  41.1131      533.68   32.4290   69.6820
17 37 29.000 133.8513  40.3037      532.22   31.7659   70.1480
17 37 30.000 133.7854  39.4901      530.85   31.1058   70.5941
17 37 31.000 133.7205  38.6726      529.59   30.4495   71.0183
17 37 32.000 133.6564  37.8515      528.43   29.7978   71.4185
17 37 33.000 133.5932  37.0270      527.37   29.1515   71.7925
17 37 34.000 133.5308  36.1995      526.41   28.5114   72.1381
17 37 35.000 133.4692  35.3692      525.55   27.8786   72.4531
17 37 36.000 133.4085  34.5364      524.80   27.2538   72.7352
17 37 37.000 133.3485  33.7014      524.15   26.6383   72.9826
17 37 38.000 133.2892  32.8646      523.60   26.0329   73.1931
17 37 39.000 133.2307  32.0263      523.16   25.4390   73.3652
17 37 40.000 133.1728  31.1867      522.82   24.8576   73.4973
17 37 41.000 133.1157  30.3462      522.59   24.2901   73.5882
17 37 42.000 133.0592  29.5052      522.46   23.7376   73.6371
17 37 43.000 133.0033  28.6640      522.44   23.2016   73.6436
17 37 44.000 132.9481  27.8228      522.52   22.6835   73.6076
17 37 45.000 132.8934  26.9820      522.71   22.1846   73.5294
17 37 46.000 132.8394  26.1419      523.00   21.7065   73.4098
17 37 47.000 132.7859  25.3029      523.39   21.2505   73.2497
17 37 48.000 132.7330  24.4653      523.89   20.8183   73.0507
17 37 49.000 132.6807  23.6294      524.50   20.4114   72.8142
17 37 50.000 132.6288  22.7955      525.21   20.0311   72.5423
17 37 51.000 132.5775  21.9639      526.02   19.6789   72.2370
17 37 52.000 132.5267  21.1350      526.93   19.3562   71.9002
17 37 53.000 132.4764  20.3089      527.95   19.0642   71.5344
17 37 54.000 132.4265  19.4861      529.06   18.8041   71.1416
17 37 55.000 132.3771  18.6667      530.28   18.5768   70.7242
17 37 56.000 132.3282  17.8512      531.60   18.3833   70.2841
17 37 57.000 132.2797  17.0396      533.02   18.2241   69.8236
17 37 58.000 132.2316  16.2324      534.54   18.0997   69.3446
17 37 59.000 132.1840  15.4313      536.15   18.0103   68.8499
17 38  0.000 132.1367  14.6333      537.86   17.9556   68.3394
17 38  1.000 132.0899  13.8404      539.67   17.9354   67.8159
17 38  2.000 132.0434  13.0527      541.57   17.9493   67.2808
17 38  3.000 131.9973  12.2705      543.57   17.9964   66.7356
17 38  4.000 131.9516  11.4939      545.66   18.0758   66.1817
17 38  5.000 131.9062  10.7231      547.85   18.1863   65.6203
17 38  6.000 131.8612   9.9583      550.12   18.3267   65.0526
17 38  7.000 131.8165   9.1998      552.48   18.4954   64.4797
17 38  8.000 131.7722   8.4475      554.93   18.6910   63.9026
17 38  9.000 131.7282   7.7017      557.47   18.9117   63.3221
17 38 10.000 131.6845   6.9625      560.10   19.1561   62.7392
17 38 11.000 131.6411   6.2301      562.81   19.4223   62.1545
17 38 12.000 131.5980   5.5045      565.61   19.7087   61.5689
17 38 13.000 131.5552   4.7858      568.48   20.0138   60.9829
17 38 14.000 131.5127   4.0742      571.44   20.3358   60.3972
17 38 15.000 131.4704   3.3698      574.48   20.6733   59.8122
17 38 16.000 131.4285   2.6725      577.60   21.0247   59.2285
17 38 17.000 131.3868   1.9825      580.80   21.3887   58.6466
17 38 18.000 131.3454   1.2998      584.07   21.7640   58.0668
17 38 19.000 131.3042   0.6244      587.41   22.1492   57.4895
17 38 20.000 131.2633  -0.0435      590.83   22.5432   56.9151
17 38 21.000 131.2226  -0.7040      594.33   22.9448   56.3439
17 38 22.000 131.1822  -1.3570      597.89   23.3532   55.7761
17 38 23.000 131.1420  -2.0026      601.53   23.7672   55.2121
17 38 24.000 131.1020  -2.6407      605.23   24.1861   54.6520
17 38 25.000 131.0622  -3.2713      609.00   24.6090   54.0960
17 38 26.000 131.0227  -3.8945      612.83   25.0352   53.5444
17 38 27.000 130.9833  -4.5102      616.74   25.4640   52.9973
17 38 28.000 130.9442  -5.1184      620.70   25.8947   52.4549
17 38 29.000 130.9053  -5.7193      624.73   26.3268   51.9172
17 38 30.000 130.8666  -6.3128      628.82   26.7597   51.3844
17 38 31.000 130.8280  -6.8989      632.97   27.1929   50.8565
17 38 32.000 130.7897  -7.4777      637.17   27.6261   50.3338
17 38 33.000 130.7515  -8.0493      641.44   28.0588   49.8162
17 38 34.000 130.7136  -8.6136      645.76   28.4906   49.3038
17 38 35.000 130.6757  -9.1708      650.14   28.9212   48.7966
17 38 36.000 130.6381  -9.7208      654.57   29.3503   48.2947
17 38 37.000 130.6007 -10.2639      659.05   29.7776   47.7982
17 38 38.000 130.5634 -10.7999      663.59   30.2030   47.3070
17 38 39.000 130.5262 -11.3290      668.18   30.6260   46.8212
17 38 40.000 130.4892 -11.8512      672.82   31.0467   46.3407
17 38 41.000 130.4524 -12.3667      677.50   31.4647   45.8656
17 38 42.000 130.4157 -12.8754      682.24   31.8800   45.3959
17 38 43.000 130.3792 -13.3775      687.02   32.2923   44.9315
17 38 44.000 130.3428 -13.8730      691.85   32.7015   44.4724
17 38 45.000 130.3066 -14.3620      696.72   33.1076   44.0186
17 38 46.000 130.2704 -14.8446      701.64   33.5105   43.5702
17 38 47.000 130.2345 -15.3208      706.60   33.9100   43.1270
17 38 48.000 130.1986 -15.7908      711.60   34.3061   42.6890
17 38 49.000 130.1629 -16.2546      716.64   34.6986   42.2562
17 38 50.000 130.1273 -16.7123      721.73   35.0877   41.8285
17 38 51.000 130.0918 -17.1640      726.85   35.4732   41.4060
17 38 52.000 130.0565 -17.6097      732.02   35.8550   40.9885
17 38 53.000 130.0212 -18.0496      737.22   36.2332   40.5760
17 38 54.000 129.9861 -18.4836      742.45   36.6077   40.1685
17 38 55.000 129.9511 -18.9120      747.73   36.9785   39.7659
17 38 56.000 129.9162 -19.3348      753.04   37.3456   39.3682
17 38 57.000 129.8814 -19.7520      758.38   37.7091   38.9753
17 38 58.000 129.8467 -20.1638      763.76   38.0688   38.5871
17 38 59.000 129.8121 -20.5694      769.16   38.4241   38.2044
17 39  0.000 129.7776 -20.9705      774.61   38.7764   37.8256
17 39  1.000 129.7432 -21.3664      780.09   39.1250   37.4514
17 39  2.000 129.7089 -21.7572      785.59   39.4699   37.0817
17 39  3.000 129.6747 -22.1429      791.13   39.8112   36.7164
17 39  4.000 129.6406 -22.5237      796.70   40.1489   36.3556
17 39  5.000 129.6066 -22.8995      802.30   40.4829   35.9992
17 39  6.000 129.5726 -23.2706      807.93   40.8134   35.6470
17 39  7.000 129.5387 -23.6368      813.58   41.1403   35.2991
17 39  8.000 129.5050 -23.9984      819.26   41.4636   34.9554
17 39  9.000 129.4713 -24.3554      824.97   41.7835   34.6158
17 39 10.000 129.4376 -24.7079      830.71   42.0999   34.2803
17 39 11.000 129.4041 -25.0560      836.47   42.4128   33.9487
17 39 12.000 129.3706 -25.3996      842.26   42.7223   33.6212
17 39 13.000 129.3372 -25.7390      848.07   43.0285   33.2975
17 39 14.000 129.3039 -26.0741      853.91   43.3313   32.9776
17 39 15.000 129.2706 -26.4050      859.77   43.6308   32.6616
17 39 16.000 129.2374 -26.7318      865.65   43.9271   32.3492
17 39 17.000 129.2043 -27.0546      871.56   44.2201   32.0405
17 39 18.000 129.1712 -27.3735      877.49   44.5100   31.7355
17 39 19.000 129.1382 -27.6884      883.44   44.7967   31.4340
17 39 20.000 129.1053 -27.9995      889.41   45.0803   31.1360
17 39 21.000 129.0724 -28.3068      895.40   45.3608   30.8414
17 39 22.000 129.0395 -28.6104      901.42   45.6382   30.5502
17 39 23.000 129.0068 -28.9104      907.45   45.9127   30.2624
17 39 24.000 128.9740 -29.2068      913.50   46.1842   29.9779
17 39 25.000 128.9414 -29.4996      919.58   46.4528   29.6966
17 39 26.000 128.9087 -29.7890      925.67   46.7186   29.4185
17 39 27.000 128.8762 -30.0749      931.78   46.9814   29.1436
17 39 28.000 128.8437 -30.3575      937.91   47.2415   28.8717
17 39 29.000 128.8112 -30.6368      944.06   47.4988   28.6029
17 39 30.000 128.7788 -30.9128      950.22   47.7534   28.3371
17 39 31.000 128.7464 -31.1857      956.40   48.0053   28.0742
17 39 32.000 128.7140 -31.4554      962.60   48.2545   27.8143
17 39 33.000 128.6817 -31.7220      968.81   48.5012   27.5571
17 39 34.000 128.6495 -31.9855      975.04   48.7452   27.3028
17 39 35.000 128.6172 -32.2461      981.29   48.9867   27.0513
17 39 36.000 128.5851 -32.5038      987.55   49.2257   26.8025
17 39 37.000 128.5529 -32.7585      993.83   49.4622   26.5564
17 39 38.000 128.5208 -33.0104     1000.12   49.6963   26.3129
17 39 39.000 128.4887 -33.2595     1006.43   49.9280   26.0720
17 39 40.000 128.4567 -33.5059     1012.75   50.1574   25.8337
17 39 41.000 128.4247 -33.7496     1019.09   50.3844   25.5978
17 39 42.000 128.3927 -33.9906     1025.44   50.6091   25.3645
17 39 43.000 128.3607 -34.2289     1031.80   50.8315   25.1336
17 39 44.000 128.3288 -34.4647     1038.18   51.0517   24.9051
17 39 45.000 128.2969 -34.6980     1044.57   51.2697   24.6789
17 39 46.000 128.2650 -34.9288     1050.97   51.4856   24.4551
17 39 47.000 128.2332 -35.1571     1057.38   51.6993   24.2335
17 39 48.000 128.2013 -35.3830     1063.81   51.9109   24.0142
17 39 49.000 128.1695 -35.6065     1070.25   52.1204   23.7972
17 39 50.000 128.1378 -35.8277     1076.70   52.3279   23.5823
17 39 51.000 128.1060 -36.0466     1083.16   52.5334   23.3695
17 39 52.000 128.0743 -36.2633     1089.64   52.7369   23.1589
17 39 53.000 128.0425 -36.4777     1096.12   52.9385   22.9503
17 39 54.000 128.0108 -36.6899     1102.62   53.1381   22.7438
17 39 55.000 127.9792 -36.9000     1109.13   53.3358   22.5393
17 39 56.000 127.9475 -37.1079     1115.65   53.5317   22.3368
17 39 57.000 127.9158 -37.3138     1122.17   53.7257   22.1363
17 39 58.000 127.8842 -37.5176     1128.71   53.9179   21.9377
17 39 59.000 127.8526 -37.7189     1135.25   54.1079   21.7413
17 40  0.000 127.8210 -37.9187     1141.81   54.2966   21.5465
17 40  1.000 127.7894 -38.1165     1148.38   54.4835   21.3534
17 40  2.000 127.7578 -38.3124     1154.95   54.6687   21.1622
17 40  3.000 127.7262 -38.5065     1161.54   54.8523   20.9728
17 40  4.000 127.6947 -38.6986     1168.14   55.0341   20.7851
17 40  5.000 127.6631 -38.8889     1174.74   55.2144   20.5992
17 40  6.000 127.6315 -39.0774     1181.36   55.3930   20.4149
17 40  7.000 127.6000 -39.2640     1187.98   55.5700   20.2323
17 40  8.000 127.5685 -39.4490     1194.61   55.7455   20.0514
17 40  9.000 127.5369 -39.6322     1201.25   55.9194   19.8721
17 40 10.000 127.5054 -39.8137     1207.90   56.0918   19.6944
17 40 11.000 127.4739 -39.9935     1214.56   56.2627   19.5183
17 40 12.000 127.4423 -40.1717     1221.22   56.4321   19.3438
17 40 13.000 127.4108 -40.3482     1227.89   56.6001   19.1707
17 40 14.000 127.3793 -40.5231     1234.57   56.7666   18.9992
17 40 15.000 127.3478 -40.6965     1241.26   56.9317   18.8292
17 40 16.000 127.3163 -40.8683     1247.96   57.0954   18.6606
17 40 17.000 127.2848 -41.0386     1254.66   57.2577   18.4935
17 40 18.000 127.2532 -41.2073     1261.37   57.4187   18.3278
17 40 19.000 127.2217 -41.3746     1268.08   57.5784   18.1635
17 40 20.000 127.1902 -41.5404     1274.81   57.7367   18.0006
17 40 21.000 127.1587 -41.7047     1281.54   57.8937   17.8390
17 40 22.000 127.1271 -41.8676     1288.27   58.0494   17.6788
17 40 23.000 127.0956 -42.0292     1295.02   58.2039   17.5199
17 40 24.000 127.0640 -42.1893     1301.77   58.3572   17.3624
17 40 25.000 127.0325 -42.3481     1308.53   58.5092   17.2061
17 40 26.000 127.0009 -42.5055     1315.29   58.6600   17.0510
17 40 27.000 126.9694 -42.6616     1322.06   58.8096   16.8972
17 40 28.000 126.9378 -42.8165     1328.83   58.9580   16.7447
17 40 29.000 126.9062 -42.9700     1335.61   59.1052   16.5933
17 40 30.000 126.8746 -43.1222     1342.40   59.2513   16.4432
17 40 31.000 126.8430 -43.2732     1349.19   59.3963   16.2942
17 40 32.000 126.8114 -43.4230     1355.99   59.5402   16.1464
17 40 33.000 126.7798 -43.5716     1362.79   59.6830   15.9997
17 40 34.000 126.7482 -43.7189     1369.60   59.8246   15.8542
17 40 35.000 126.7165 -43.8651     1376.42   59.9653   15.7098
17 40 36.000 126.6848 -44.0101     1383.24   60.1048   15.5665
17 40 37.000 126.6532 -44.1540     1390.06   60.2433   15.4242
17 40 38.000 126.6215 -44.2967     1396.89   60.3808   15.2831
17 40 39.000 126.5898 -44.4383     1403.73   60.5173   15.1430
17 40 40.000 126.5581 -44.5788     1410.57   60.6528   15.0039
17 40 41.000 126.5263 -44.7182     1417.42   60.7873   14.8659
17 40 42.000 126.4946 -44.8566     1424.27   60.9208   14.7288
17 40 43.000 126.4628 -44.9939     1431.12   61.0533   14.5928
17 40 44.000 126.4310 -45.1301     1437.98   61.1850   14.4578
17 40 45.000 126.3992 -45.2654     1444.85   61.3156   14.3237
17 40 46.000 126.3674 -45.3996     1451.71   61.4454   14.1906
17 40 47.000 126.3356 -45.5328     1458.59   61.5742   14.0584
17 40 48.000 126.3037 -45.6650     1465.46   61.7022   13.9272
17 40 49.000 126.2718 -45.7962     1472.35   61.8292   13.7968
17 40 50.000 126.2399 -45.9265     1479.23   61.9554   13.6674
17 40 51.000 126.2080 -46.0558     1486.12   62.0807   13.5389
17 40 52.000 126.1761 -46.1842     1493.02   62.2052   13.4113
17 40 53.000 126.1441 -46.3117     1499.92   62.3288   13.2845
17 40 54.000 126.1121 -46.4383     1506.82   62.4516   13.1587
17 40 55.000 126.0801 -46.5639     1513.72   62.5735   13.0336
17 40 56.000 126.0481 -46.6887     1520.63   62.6947   12.9094
17 40 57.000 126.0160 -46.8126     1527.55   62.8150   12.7860
17 40 58.000 125.9839 -46.9356     1534.47   62.9346   12.6635
17 40 59.000 125.9518 -47.0575     1541.37   63.0531   12.5420
17 41  0.000 125.9197 -47.1788     1548.30   63.1712   12.4210
17 41  1.000 125.8875 -47.2993     1555.23   63.2884   12.3009
17 41  2.000 125.8553 -47.4190     1562.16   63.4049   12.1815
17 41  3.000 125.8231 -47.5378     1569.09   63.5207   12.0629
17 41  4.000 125.7909 -47.6559     1576.03   63.6357   11.9450
17 41  5.000 125.7586 -47.7732     1582.97   63.7500   11.8279
17 41  6.000 125.7263 -47.8896     1589.92   63.8636   11.7115
17 41  7.000 125.6940 -48.0053     1596.87   63.9765   11.5959
17 41  8.000 125.6616 -48.1203     1603.82   64.0887   11.4810
17 41  9.000 125.6292 -48.2345     1610.77   64.2002   11.3668
17 41 10.000 125.5968 -48.3479     1617.73   64.3110   11.2533
17 41 11.000 125.5644 -48.4606     1624.69   64.4211   11.1405
17 41 12.000 125.5319 -48.5726     1631.66   64.5306   11.0283
17 41 13.000 125.4994 -48.6839     1638.62   64.6394   10.9169
17 41 14.000 125.4668 -48.7944     1645.59   64.7476   10.8061
17 41 15.000 125.4342 -48.9043     1652.57   64.8552   10.6960
17 41 16.000 125.4016 -49.0134     1659.54   64.9621   10.5865
17 41 17.000 125.3690 -49.1219     1666.52   65.0683   10.4777
17 41 18.000 125.3363 -49.2297     1673.50   65.1740   10.3695
17 41 19.000 125.3036 -49.3369     1680.48   65.2791   10.2620
17 41 20.000 125.2708 -49.4433     1687.47   65.3835   10.1551
17 41 21.000 125.2381 -49.5492     1694.46   65.4874   10.0487
17 41 22.000 125.2052 -49.6544     1701.45   65.5906    9.9430
17 41 23.000 125.1724 -49.7589     1708.44   65.6933    9.8379
17 41 24.000 125.1395 -49.8628     1715.44   65.7954    9.7334
17 41 25.000 125.1066 -49.9661     1722.44   65.8970    9.6295
17 41 26.000 125.0736 -50.0688     1729.44   65.9979    9.5261
17 41 27.000 125.0406 -50.1709     1736.44   66.0984    9.4234
17 41 28.000 125.0075 -50.2723     1743.45   66.1982    9.3211
17 41 29.000 124.9745 -50.3731     1750.45   66.2975    9.2196
17 41 30.000 124.9414 -50.4734     1757.46   66.3963    9.1185
17 41 31.000 124.9082 -50.5731     1764.47   66.4945    9.0179
17 41 32.000 124.8750 -50.6723     1771.49   66.5923    8.9179
17 41 33.000 124.8418 -50.7709     1778.50   66.6895    8.8184
17 41 34.000 124.8085 -50.8689     1785.52   66.7862    8.7195
17 41 35.000 124.7751 -50.9663     1792.54   66.8824    8.6211
17 41 36.000 124.7418 -51.0633     1799.57   66.9781    8.5232
17 41 37.000 124.7084 -51.1596     1806.59   67.0733    8.4258
17 41 38.000 124.6749 -51.2555     1813.62   67.1680    8.3289
17 41 39.000 124.6414 -51.3508     1820.65   67.2623    8.2325
17 41 40.000 124.6079 -51.4456     1827.68   67.3560    8.1365
17 41 41.000 124.5743 -51.5398     1834.71   67.4493    8.0411
17 41 42.000 124.5407 -51.6336     1841.74   67.5421    7.9462
17 41 43.000 124.5070 -51.7269     1848.78   67.6345    7.8517
17 41 44.000 124.4733 -51.8196     1855.82   67.7264    7.7577
17 41 45.000 124.4396 -51.9119     1862.86   67.8178    7.6642
17 41 46.000 124.4058 -52.0036     1869.90   67.9088    7.5712
17 41 47.000 124.3719 -52.0949     1876.94   67.9993    7.4786
17 41 48.000 124.3380 -52.1857     1883.99   68.0894    7.3864
17 41 49.000 124.3041 -52.2760     1891.04   68.1791    7.2947
17 41 50.000 124.2701 -52.3659     1898.08   68.2683    7.2034
17 41 51.000 124.2361 -52.4553     1905.13   68.3572    7.1126
17 41 52.000 124.2020 -52.5442     1912.18   68.4455    7.0222
17 41 53.000 124.1679 -52.6327     1919.24   68.5335    6.9322
17 41 54.000 124.1337 -52.7207     1926.29   68.6211    6.8427
17 41 55.000 124.0995 -52.8083     1933.35   68.7083    6.7536
17 41 56.000 124.0652 -52.8954     1940.41   68.7950    6.6648
17 41 57.000 124.0309 -52.9821     1947.46   68.8814    6.5765
17 41 58.000 123.9965 -53.0684     1954.52   68.9673    6.4886
17 41 59.000 123.9621 -53.1542     1961.58   69.0528    6.4012
17 42  0.000 123.9276 -53.2396     1968.64   69.1380    6.3141
17 42  1.000 123.8931 -53.3246     1975.71   69.2228    6.2274
17 42  2.000 123.8585 -53.4092     1982.77   69.3073    6.1411
17 42  3.000 123.8238 -53.4934     1989.84   69.3913    6.0551
17 42  4.000 123.7892 -53.5772     1996.91   69.4750    5.9696
17 42  5.000 123.7544 -53.6605     2003.98   69.5583    5.8844
17 42  6.000 123.7196 -53.7435     2011.05   69.6413    5.7996
17 42  7.000 123.6848 -53.8261     2018.12   69.7239    5.7151
17 42  8.000 123.6499 -53.9083     2025.19   69.8061    5.6311
17 42  9.000 123.6149 -53.9901     2032.27   69.8880    5.5474
17 42 10.000 123.5799 -54.0715     2039.34   69.9696    5.4640
17 42 11.000 123.5449 -54.1526     2046.42   70.0508    5.3810
17 42 12.000 123.5098 -54.2333     2053.50   70.1316    5.2983
17 42 13.000 123.4746 -54.3136     2060.57   70.2121    5.2160
17 42 14.000 123.4394 -54.3935     2067.65   70.2923    5.1341
17 42 15.000 123.4041 -54.4731     2074.73   70.3722    5.0524
