00001 2018 11 05
17 43 51.000 237.5566  68.2000     2079.62   95.1079    5.0228
17 43 52.000 237.7401  68.2713     2072.79   95.0204    5.1007
17 43 53.000 237.9258  68.3426     2065.97   94.9326    5.1789
17 43 54.000 238.1138  68.4140     2059.15   94.8444    5.2573
17 43 55.000 238.3043  68.4854     2052.33   94.7559    5.3361
17 43 56.000 238.4971  68.5568     2045.52   94.6669    5.4151
17 43 57.000 238.6924  68.6283     2038.71   94.5776    5.4944
17 43 58.000 238.8902  68.6998     2031.90   94.4879    5.5741
17 43 59.000 239.0904  68.7713     2025.11   94.3979    5.6539
17 44  0.000 239.2933  68.8428     2018.31   94.3074    5.7341
17 44  1.000 239.4988  68.9144     2011.51   94.2165    5.8147
17 44  2.000 239.7070  68.9860     2004.72   94.1252    5.8955
17 44  3.000 239.9179  69.0576     1997.92   94.0335    5.9767
17 44  4.000 240.1315  69.1292     1991.14   93.9414    6.0582
17 44  5.000 240.3479  69.2008     1984.35   93.8489    6.1400
17 44  6.000 240.5671  69.2725     1977.57   93.7559    6.2221
17 44  7.000 240.7893  69.3440     1970.80   93.6626    6.3046
17 44  8.000 241.0143  69.4156     1964.02   93.5688    6.3873
17 44  9.000 241.2423  69.4872     1957.25   93.4746    6.4704
17 44 10.000 241.4733  69.5587     1950.49   93.3799    6.5539
17 44 11.000 241.7074  69.6302     1943.72   93.2849    6.6377
17 44 12.000 241.9446  69.7016     1936.96   93.1893    6.7218
17 44 13.000 242.1849  69.7730     1930.21   93.0934    6.8062
17 44 14.000 242.4285  69.8443     1923.46   92.9969    6.8910
17 44 15.000 242.6753  69.9156     1916.71   92.9001    6.9762
17 44 16.000 242.9255  69.9868     1909.97   92.8027    7.0617
17 44 17.000 243.1790  70.0579     1903.23   92.7050    7.1475
17 44 18.000 243.4359  70.1289     1896.49   92.6067    7.2337
17 44 19.000 243.6963  70.1998     1889.76   92.5080    7.3203
17 44 20.000 243.9603  70.2706     1883.03   92.4087    7.4072
17 44 21.000 244.2278  70.3413     1876.31   92.3091    7.4945
17 44 22.000 244.4990  70.4119     1869.59   92.2089    7.5822
17 44 23.000 244.7738  70.4823     1862.87   92.1082    7.6703
17 44 24.000 245.0525  70.5526     1856.16   92.0070    7.7587
17 44 25.000 245.3349  70.6227     1849.46   91.9054    7.8475
17 44 26.000 245.6213  70.6927     1842.76   91.8032    7.9367
17 44 27.000 245.9115  70.7625     1836.06   91.7005    8.0263
17 44 28.000 246.2058  70.8321     1829.37   91.5973    8.1162
17 44 29.000 246.5039  70.9014     1822.69   91.4937    8.2065
17 44 30.000 246.8063  70.9706     1816.00   91.3894    8.2973
17 44 31.000 247.1130  71.0395     1809.32   91.2847    8.3884
17 44 32.000 247.4239  71.1082     1802.65   91.1794    8.4800
17 44 33.000 247.7391  71.1767     1795.98   91.0735    8.5720
17 44 34.000 248.0587  71.2449     1789.32   90.9671    8.6644
17 44 35.000 248.3827  71.3128     1782.66   90.8601    8.7572
17 44 36.000 248.7112  71.3804     1776.00   90.7526    8.8504
17 44 37.000 249.0443  71.4477     1769.36   90.6445    8.9441
17 44 38.000 249.3821  71.5147     1762.71   90.5359    9.0381
17 44 39.000 249.7246  71.5813     1756.07   90.4267    9.1327
17 44 40.000 250.0718  71.6476     1749.44   90.3169    9.2276
17 44 41.000 250.4239  71.7135     1742.81   90.2065    9.3230
17 44 42.000 250.7809  71.7790     1736.19   90.0955    9.4188
17 44 43.000 251.1429  71.8441     1729.57   89.9839    9.5151
17 44 44.000 251.5100  71.9087     1722.96   89.8717    9.6119
17 44 45.000 251.8821  71.9729     1716.36   89.7589    9.7091
17 44 46.000 252.2595  72.0366     1709.76   89.6454    9.8067
17 44 47.000 252.6421  72.0999     1703.16   89.5314    9.9048
17 44 48.000 253.0300  72.1626     1696.58   89.4167   10.0034
17 44 49.000 253.4234  72.2248     1689.99   89.3014   10.1025
17 44 50.000 253.8222  72.2864     1683.42   89.1854   10.2020
17 44 51.000 254.2265  72.3475     1676.85   89.0688   10.3020
17 44 52.000 254.6364  72.4079     1670.28   88.9516   10.4026
17 44 53.000 255.0520  72.4677     1663.73   88.8336   10.5036
17 44 54.000 255.4732  72.5269     1657.18   88.7150   10.6051
17 44 55.000 255.9003  72.5854     1650.63   88.5957   10.7071
17 44 56.000 256.3333  72.6431     1644.09   88.4758   10.8096
17 44 57.000 256.7721  72.7002     1637.56   88.3551   10.9126
17 44 58.000 257.2169  72.7564     1631.04   88.2337   11.0161
17 44 59.000 257.6674  72.8119     1624.53   88.1118   11.1200
17 45  0.000 258.1243  72.8665     1618.02   87.9890   11.2246
17 45  1.000 258.5874  72.9203     1611.51   87.8655   11.3297
17 45  2.000 259.0567  72.9733     1605.02   87.7413   11.4353
17 45  3.000 259.5322  73.0253     1598.53   87.6163   11.5415
17 45  4.000 260.0140  73.0764     1592.04   87.4906   11.6482
17 45  5.000 260.5022  73.1265     1585.57   87.3641   11.7554
17 45  6.000 260.9968  73.1756     1579.10   87.2369   11.8633
17 45  7.000 261.4978  73.2236     1572.64   87.1089   11.9716
17 45  8.000 262.0053  73.2705     1566.19   86.9802   12.0805
17 45  9.000 262.5193  73.3164     1559.75   86.8506   12.1900
17 45 10.000 263.0398  73.3611     1553.31   86.7203   12.3001
17 45 11.000 263.5669  73.4045     1546.88   86.5891   12.4107
17 45 12.000 264.1005  73.4468     1540.46   86.4572   12.5220
17 45 13.000 264.6408  73.4878     1534.05   86.3244   12.6338
17 45 14.000 265.1877  73.5274     1527.64   86.1908   12.7462
17 45 15.000 265.7412  73.5657     1521.25   86.0564   12.8592
17 45 16.000 266.3013  73.6027     1514.86   85.9211   12.9728
17 45 17.000 266.8681  73.6381     1508.48   85.7850   13.0870
17 45 18.000 267.4415  73.6721     1502.11   85.6480   13.2018
17 45 19.000 268.0215  73.7046     1495.75   85.5102   13.3173
17 45 20.000 268.6081  73.7355     1489.40   85.3715   13.4333
17 45 21.000 269.2013  73.7647     1483.06   85.2318   13.5500
17 45 22.000 269.8010  73.7923     1476.73   85.0913   13.6674
17 45 23.000 270.4073  73.8182     1470.40   84.9499   13.7854
17 45 24.000 271.0199  73.8424     1464.09   84.8076   13.9040
17 45 25.000 271.6390  73.8647     1457.78   84.6643   14.0233
17 45 26.000 272.2645  73.8851     1451.49   84.5201   14.1432
17 45 27.000 272.8962  73.9037     1445.21   84.3749   14.2638
17 45 28.000 273.5341  73.9203     1438.93   84.2288   14.3850
17 45 29.000 274.1775  73.9349     1432.67   84.0819   14.5068
17 45 30.000 274.8276  73.9474     1426.42   83.9339   14.6294
17 45 31.000 275.4836  73.9578     1420.18   83.7849   14.7527
17 45 32.000 276.1454  73.9661     1413.94   83.6348   14.8767
17 45 33.000 276.8130  73.9721     1407.72   83.4838   15.0014
17 45 34.000 277.4861  73.9759     1401.51   83.3318   15.1268
17 45 35.000 278.1647  73.9773     1395.31   83.1787   15.2529
17 45 36.000 278.8486  73.9764     1389.12   83.0246   15.3797
17 45 37.000 279.5376  73.9731     1382.94   82.8694   15.5072
17 45 38.000 280.2317  73.9672     1376.78   82.7132   15.6354
17 45 39.000 280.9306  73.9589     1370.62   82.5559   15.7644
17 45 40.000 281.6342  73.9479     1364.48   82.3976   15.8941
17 45 41.000 282.3423  73.9343     1358.35   82.2381   16.0245
17 45 42.000 283.0547  73.9180     1352.23   82.0776   16.1557
17 45 43.000 283.7711  73.8990     1346.13   81.9159   16.2876
17 45 44.000 284.4915  73.8772     1340.04   81.7531   16.4203
17 45 45.000 285.2155  73.8525     1333.96   81.5892   16.5537
17 45 46.000 285.9429  73.8249     1327.89   81.4241   16.6879
17 45 47.000 286.6736  73.7943     1321.83   81.2578   16.8229
17 45 48.000 287.4073  73.7608     1315.79   81.0904   16.9586
17 45 49.000 288.1438  73.7241     1309.77   80.9218   17.0952
17 45 50.000 288.8827  73.6844     1303.75   80.7521   17.2325
17 45 51.000 289.6239  73.6415     1297.75   80.5811   17.3706
17 45 52.000 290.3671  73.5954     1291.77   80.4089   17.5095
17 45 53.000 291.1121  73.5461     1285.80   80.2354   17.6492
17 45 54.000 291.8585  73.4934     1279.84   80.0607   17.7897
17 45 55.000 292.6061  73.4374     1273.90   79.8848   17.9310
17 45 56.000 293.3547  73.3780     1267.97   79.7076   18.0731
17 45 57.000 294.1039  73.3152     1262.06   79.5291   18.2160
17 45 58.000 294.8535  73.2488     1256.17   79.3494   18.3598
17 45 59.000 295.6026  73.1790     1250.29   79.1685   18.5042
17 46  0.000 296.3522  73.1056     1244.43   78.9861   18.6496
17 46  1.000 297.1014  73.0286     1238.58   78.8024   18.7959
17 46  2.000 297.8498  72.9479     1232.75   78.6174   18.9430
17 46  3.000 298.5973  72.8635     1226.93   78.4310   19.0909
17 46  4.000 299.3436  72.7754     1221.13   78.2433   19.2397
17 46  5.000 300.0884  72.6835     1215.35   78.0541   19.3893
17 46  6.000 300.8314  72.5879     1209.59   77.8636   19.5397
17 46  7.000 301.5724  72.4884     1203.84   77.6717   19.6911
17 46  8.000 302.3110  72.3850     1198.11   77.4784   19.8432
17 46  9.000 303.0472  72.2777     1192.40   77.2837   19.9963
17 46 10.000 303.7806  72.1665     1186.71   77.0875   20.1501
17 46 11.000 304.5109  72.0514     1181.04   76.8899   20.3049
17 46 12.000 305.2380  71.9323     1175.38   76.6909   20.4605
17 46 13.000 305.9616  71.8091     1169.75   76.4903   20.6170
17 46 14.000 306.6815  71.6819     1164.13   76.2883   20.7743
17 46 15.000 307.3975  71.5507     1158.53   76.0848   20.9325
17 46 16.000 308.1093  71.4153     1152.96   75.8798   21.0916
17 46 17.000 308.8168  71.2758     1147.40   75.6733   21.2515
17 46 18.000 309.5198  71.1322     1141.87   75.4652   21.4123
17 46 19.000 310.2181  70.9845     1136.35   75.2557   21.5740
17 46 20.000 310.9116  70.8326     1130.86   75.0445   21.7365
17 46 21.000 311.5999  70.6764     1125.39   74.8319   21.8999
17 46 22.000 312.2831  70.5161     1119.94   74.6176   22.0641
17 46 23.000 312.9610  70.3515     1114.51   74.4018   22.2292
17 46 24.000 313.6333  70.1827     1109.11   74.1844   22.3952
17 46 25.000 314.3000  70.0096     1103.73   73.9654   22.5620
17 46 26.000 314.9609  69.8322     1098.37   73.7447   22.7297
17 46 27.000 315.6160  69.6505     1093.04   73.5225   22.8982
17 46 28.000 316.2651  69.4646     1087.72   73.2986   23.0675
17 46 29.000 316.9075  69.2744     1082.44   73.0734   23.2375
17 46 30.000 317.5444  69.0798     1077.18   72.8462   23.4085
17 46 31.000 318.1750  68.8808     1071.95   72.6175   23.5803
17 46 32.000 318.7994  68.6775     1066.74   72.3870   23.7529
17 46 33.000 319.4173  68.4698     1061.55   72.1549   23.9263
17 46 34.000 320.0287  68.2577     1056.39   71.9212   24.1005
17 46 35.000 320.6337  68.0412     1051.26   71.6857   24.2755
17 46 36.000 321.2321  67.8203     1046.15   71.4486   24.4513
17 46 37.000 321.8240  67.5950     1041.08   71.2098   24.6278
17 46 38.000 322.4092  67.3653     1036.03   70.9693   24.8051
17 46 39.000 322.9878  67.1312     1031.01   70.7271   24.9831
17 46 40.000 323.5597  66.8927     1026.01   70.4833   25.1618
17 46 41.000 324.1250  66.6497     1021.05   70.2377   25.3413
17 46 42.000 324.6835  66.4023     1016.11   69.9904   25.5214
17 46 43.000 325.2354  66.1504     1011.21   69.7414   25.7022
17 46 44.000 325.7806  65.8940     1006.34   69.4908   25.8837
17 46 45.000 326.3192  65.6332     1001.49   69.2384   26.0658
17 46 46.000 326.8511  65.3680      996.68   68.9843   26.2485
17 46 47.000 327.3763  65.0982      991.90   68.7286   26.4319
17 46 48.000 327.8950  64.8240      987.15   68.4711   26.6158
17 46 49.000 328.4071  64.5453      982.44   68.2119   26.8002
17 46 50.000 328.9126  64.2621      977.76   67.9511   26.9852
17 46 51.000 329.4116  63.9744      973.11   67.6886   27.1707
17 46 52.000 329.9041  63.6823      968.50   67.4244   27.3567
17 46 53.000 330.3902  63.3856      963.92   67.1586   27.5431
17 46 54.000 330.8698  63.0844      959.37   66.8911   27.7299
17 46 55.000 331.3431  62.7788      954.86   66.6220   27.9171
17 46 56.000 331.8102  62.4686      950.39   66.3512   28.1047
17 46 57.000 332.2709  62.1540      945.96   66.0789   28.2926
17 46 58.000 332.7255  61.8348      941.56   65.8049   28.4808
17 46 59.000 333.1735  61.5115      937.20   65.5296   28.6690
17 47  0.000 333.6158  61.1833      932.88   65.2525   28.8576
17 47  1.000 334.0522  60.8507      928.60   64.9739   29.0464
17 47  2.000 334.4825  60.5135      924.35   64.6937   29.2353
17 47  3.000 334.9070  60.1719      920.15   64.4121   29.4243
17 47  4.000 335.3256  59.8258      915.99   64.1289   29.6133
17 47  5.000 335.7384  59.4752      911.86   63.8444   29.8023
17 47  6.000 336.1455  59.1201      907.78   63.5584   29.9912
17 47  7.000 336.5470  58.7606      903.75   63.2710   30.1801
17 47  8.000 336.9429  58.3966      899.75   62.9822   30.3687
17 47  9.000 337.3333  58.0281      895.80   62.6922   30.5572
17 47 10.000 337.7183  57.6552      891.89   62.4008   30.7453
17 47 11.000 338.0978  57.2778      888.03   62.1083   30.9331
17 47 12.000 338.4721  56.8960      884.21   61.8145   31.1206
17 47 13.000 338.8411  56.5098      880.43   61.5195   31.3075
17 47 14.000 339.2049  56.1192      876.71   61.2235   31.4939
17 47 15.000 339.5637  55.7242      873.03   60.9263   31.6798
17 47 16.000 339.9174  55.3249      869.39   60.6282   31.8649
17 47 17.000 340.2661  54.9211      865.81   60.3291   32.0494
17 47 18.000 340.6100  54.5131      862.27   60.0291   32.2330
17 47 19.000 340.9490  54.1007      858.79   59.7282   32.4158
17 47 20.000 341.2832  53.6841      855.35   59.4266   32.5976
17 47 21.000 341.6128  53.2631      851.97   59.1242   32.7783
17 47 22.000 341.9377  52.8380      848.63   58.8212   32.9580
17 47 23.000 342.2580  52.4086      845.35   58.5176   33.1364
17 47 24.000 342.5739  51.9750      842.12   58.2135   33.3136
17 47 25.000 342.8853  51.5372      838.94   57.9089   33.4894
17 47 26.000 343.1924  51.0953      835.81   57.6040   33.6637
17 47 27.000 343.4951  50.6494      832.74   57.2988   33.8365
17 47 28.000 343.7936  50.1993      829.73   56.9934   34.0076
17 47 29.000 344.0880  49.7452      826.77   56.6879   34.1771
17 47 30.000 344.3782  49.2872      823.87   56.3824   34.3447
17 47 31.000 344.6644  48.8252      821.02   56.0770   34.5104
17 47 32.000 344.9466  48.3593      818.23   55.7717   34.6740
17 47 33.000 345.2248  47.8895      815.50   55.4667   34.8356
17 47 34.000 345.4992  47.4159      812.82   55.1621   34.9949
17 47 35.000 345.7698  46.9386      810.21   54.8579   35.1519
17 47 36.000 346.0366  46.4575      807.65   54.5544   35.3066
17 47 37.000 346.2997  45.9728      805.15   54.2515   35.4587
17 47 38.000 346.5592  45.4845      802.72   53.9495   35.6081
17 47 39.000 346.8151  44.9926      800.35   53.6484   35.7549
17 47 40.000 347.0674  44.4973      798.03   53.3484   35.8988
17 47 41.000 347.3163  43.9986      795.78   53.0495   36.0398
17 47 42.000 347.5618  43.4965      793.60   52.7519   36.1778
17 47 43.000 347.8039  42.9911      791.47   52.4558   36.3126
17 47 44.000 348.0427  42.4824      789.41   52.1612   36.4442
17 47 45.000 348.2782  41.9707      787.42   51.8683   36.5725
17 47 46.000 348.5105  41.4559      785.49   51.5773   36.6973
17 47 47.000 348.7397  40.9380      783.62   51.2882   36.8185
17 47 48.000 348.9657  40.4173      781.82   51.0013   36.9361
17 47 49.000 349.1886  39.8937      780.09   50.7165   37.0500
17 47 50.000 349.4086  39.3673      778.42   50.4342   37.1601
17 47 51.000 349.6255  38.8383      776.82   50.1545   37.2662
17 47 52.000 349.8396  38.3067      775.29   49.8774   37.3683
17 47 53.000 350.0507  37.7726      773.83   49.6031   37.4662
17 47 54.000 350.2591  37.2361      772.43   49.3319   37.5600
17 47 55.000 350.4646  36.6973      771.10   49.0637   37.6495
17 47 56.000 350.6674  36.1563      769.85   48.7989   37.7346
17 47 57.000 350.8674  35.6131      768.66   48.5375   37.8152
17 47 58.000 351.0648  35.0679      767.54   48.2796   37.8914
17 47 59.000 351.2592  34.5219      766.49   48.0261   37.9627
17 48  0.000 351.4514  33.9729      765.51   47.7758   38.0296
17 48  1.000 351.6410  33.4223      764.61   47.5297   38.0917
17 48  2.000 351.8282  32.8700      763.77   47.2877   38.1490
17 48  3.000 352.0128  32.3162      763.00   47.0500   38.2015
17 48  4.000 352.1951  31.7610      762.31   46.8168   38.2491
17 48  5.000 352.3749  31.2045      761.68   46.5882   38.2917
17 48  6.000 352.5524  30.6468      761.13   46.3643   38.3293
17 48  7.000 352.7276  30.0880      760.65   46.1454   38.3619
17 48  8.000 352.9005  29.5283      760.24   45.9314   38.3894
17 48  9.000 353.0711  28.9676      759.91   45.7227   38.4118
17 48 10.000 353.2395  28.4062      759.65   45.5192   38.4291
17 48 11.000 353.4058  27.8442      759.45   45.3211   38.4412
17 48 12.000 353.5698  27.2817      759.33   45.1285   38.4482
17 48 13.000 353.7318  26.7187      759.29   44.9416   38.4500
17 48 14.000 353.8917  26.1554      759.31   44.7604   38.4467
17 48 15.000 354.0495  25.5919      759.41   44.5851   38.4382
17 48 16.000 354.2053  25.0283      759.58   44.4157   38.4245
17 48 17.000 354.3590  24.4648      759.82   44.2523   38.4057
17 48 18.000 354.5109  23.9014      760.14   44.0951   38.3818
17 48 19.000 354.6607  23.3382      760.53   43.9441   38.3528
17 48 20.000 354.8087  22.7754      760.98   43.7994   38.3187
17 48 21.000 354.9548  22.2130      761.52   43.6611   38.2796
17 48 22.000 355.0990  21.6513      762.12   43.5291   38.2355
17 48 23.000 355.2414  21.0902      762.79   43.4037   38.1864
17 48 24.000 355.3821  20.5298      763.54   43.2847   38.1324
17 48 25.000 355.5209  19.9704      764.35   43.1723   38.0736
17 48 26.000 355.6580  19.4120      765.24   43.0665   38.0099
17 48 27.000 355.7933  18.8546      766.20   42.9673   37.9416
17 48 28.000 355.9270  18.2985      767.23   42.8747   37.8685
17 48 29.000 356.0590  17.7436      768.32   42.7888   37.7909
17 48 30.000 356.1893  17.1901      769.49   42.7095   37.7087
17 48 31.000 356.3180  16.6381      770.73   42.6369   37.6221
17 48 32.000 356.4451  16.0877      772.04   42.5708   37.5311
17 48 33.000 356.5706  15.5390      773.41   42.5114   37.4358
17 48 34.000 356.6946  14.9920      774.86   42.4585   37.3364
17 48 35.000 356.8170  14.4468      776.37   42.4122   37.2328
17 48 36.000 356.9379  13.9036      777.95   42.3724   37.1251
17 48 37.000 357.0573  13.3624      779.60   42.3391   37.0136
17 48 38.000 357.1753  12.8232      781.31   42.3121   36.8982
17 48 39.000 357.2918  12.2863      783.09   42.2915   36.7791
17 48 40.000 357.4068  11.7516      784.94   42.2772   36.6563
17 48 41.000 357.5204  11.2192      786.85   42.2690   36.5300
17 48 42.000 357.6327  10.6892      788.82   42.2670   36.4002
17 48 43.000 357.7435  10.1616      790.87   42.2710   36.2671
17 48 44.000 357.8530   9.6366      792.97   42.2810   36.1308
17 48 45.000 357.9612   9.1142      795.14   42.2968   35.9914
17 48 46.000 358.0680   8.5944      797.37   42.3184   35.8489
17 48 47.000 358.1736   8.0773      799.66   42.3456   35.7035
17 48 48.000 358.2778   7.5630      802.02   42.3784   35.5552
17 48 49.000 358.3808   7.0515      804.44   42.4167   35.4043
17 48 50.000 358.4826   6.5428      806.91   42.4602   35.2507
17 48 51.000 358.5831   6.0371      809.45   42.5090   35.0946
17 48 52.000 358.6823   5.5344      812.05   42.5629   34.9361
17 48 53.000 358.7804   5.0346      814.71   42.6217   34.7753
17 48 54.000 358.8773   4.5380      817.42   42.6854   34.6123
17 48 55.000 358.9730   4.0444      820.20   42.7538   34.4472
17 48 56.000 359.0676   3.5539      823.03   42.8269   34.2801
17 48 57.000 359.1610   3.0666      825.91   42.9044   34.1110
17 48 58.000 359.2533   2.5825      828.86   42.9862   33.9402
17 48 59.000 359.3443   2.1025      831.85   43.0722   33.7679
17 49  0.000 359.4344   1.6249      834.90   43.1623   33.5937
17 49  1.000 359.5234   1.1505      838.01   43.2565   33.4179
17 49  2.000 359.6113   0.6795      841.17   43.3545   33.2407
17 49  3.000 359.6982   0.2117      844.39   43.4561   33.0622
17 49  4.000 359.7840  -0.2527      847.66   43.5614   32.8824
17 49  5.000 359.8688  -0.7137      850.97   43.6701   32.7013
17 49  6.000 359.9526  -1.1714      854.35   43.7822   32.5192
17 49  7.000   0.0354  -1.6257      857.77   43.8975   32.3360
17 49  8.000   0.1172  -2.0766      861.24   44.0158   32.1519
17 49  9.000   0.1980  -2.5241      864.76   44.1372   31.9669
17 49 10.000   0.2778  -2.9682      868.33   44.2614   31.7812
17 49 11.000   0.3567  -3.4088      871.95   44.3883   31.5947
17 49 12.000   0.4346  -3.8460      875.61   44.5178   31.4075
17 49 13.000   0.5116  -4.2798      879.32   44.6498   31.2198
17 49 14.000   0.5877  -4.7102      883.08   44.7842   31.0315
17 49 15.000   0.6629  -5.1371      886.89   44.9209   30.8428
17 49 16.000   0.7372  -5.5606      890.74   45.0597   30.6537
17 49 17.000   0.8106  -5.9807      894.63   45.2007   30.4642
17 49 18.000   0.8831  -6.3974      898.57   45.3435   30.2745
17 49 19.000   0.9547  -6.8106      902.55   45.4883   30.0846
17 49 20.000   1.0255  -7.2204      906.58   45.6348   29.8945
17 49 21.000   1.0954  -7.6269      910.65   45.7829   29.7044
17 49 22.000   1.1645  -8.0299      914.76   45.9327   29.5141
17 49 23.000   1.2328  -8.4296      918.91   46.0839   29.3239
17 49 24.000   1.3003  -8.8259      923.10   46.2365   29.1337
17 49 25.000   1.3669  -9.2188      927.33   46.3904   28.9436
17 49 26.000   1.4328  -9.6084      931.60   46.5456   28.7536
17 49 27.000   1.4978  -9.9947      935.91   46.7019   28.5638
17 49 28.000   1.5621 -10.3777      940.26   46.8592   28.3742
17 49 29.000   1.6256 -10.7573      944.64   47.0175   28.1849
17 49 30.000   1.6883 -11.1337      949.07   47.1768   27.9958
17 49 31.000   1.7503 -11.5069      953.53   47.3369   27.8071
17 49 32.000   1.8116 -11.8767      958.02   47.4977   27.6188
17 49 33.000   1.8721 -12.2434      962.56   47.6593   27.4309
17 49 34.000   1.9318 -12.6068      967.12   47.8215   27.2433
17 49 35.000   1.9909 -12.9671      971.73   47.9843   27.0563
17 49 36.000   2.0492 -13.3242      976.36   48.1475   26.8697
17 49 37.000   2.1068 -13.6782      981.03   48.3113   26.6836
17 49 38.000   2.1638 -14.0290      985.74   48.4754   26.4981
17 49 39.000   2.2200 -14.3768      990.48   48.6399   26.3132
17 49 40.000   2.2756 -14.7214      995.24   48.8047   26.1288
17 49 41.000   2.3304 -15.0631     1000.05   48.9697   25.9450
17 49 42.000   2.3847 -15.4016     1004.88   49.1350   25.7619
17 49 43.000   2.4382 -15.7372     1009.74   49.3003   25.5794
17 49 44.000   2.4911 -16.0698     1014.64   49.4658   25.3976
17 49 45.000   2.5434 -16.3995     1019.56   49.6314   25.2165
17 49 46.000   2.5950 -16.7262     1024.52   49.7969   25.0360
17 49 47.000   2.6460 -17.0500     1029.50   49.9625   24.8563
17 49 48.000   2.6963 -17.3709     1034.51   50.1279   24.6774
17 49 49.000   2.7460 -17.6890     1039.55   50.2933   24.4991
17 49 50.000   2.7952 -18.0042     1044.62   50.4586   24.3217
17 49 51.000   2.8437 -18.3167     1049.71   50.6237   24.1450
17 49 52.000   2.8916 -18.6263     1054.84   50.7886   23.9691
17 49 53.000   2.9389 -18.9332     1059.99   50.9533   23.7940
17 49 54.000   2.9856 -19.2374     1065.16   51.1178   23.6196
17 49 55.000   3.0318 -19.5388     1070.36   51.2819   23.4461
17 49 56.000   3.0773 -19.8376     1075.59   51.4458   23.2735
17 49 57.000   3.1223 -20.1337     1080.84   51.6093   23.1016
17 49 58.000   3.1668 -20.4272     1086.12   51.7725   22.9306
17 49 59.000   3.2105 -20.7176     1091.41   51.9350   22.7607
17 50  0.000   3.2538 -21.0059     1096.74   52.0974   22.5914
17 50  1.000   3.2966 -21.2917     1102.09   52.2593   22.4229
17 50  2.000   3.3388 -21.5749     1107.46   52.4209   22.2553
17 50  3.000   3.3805 -21.8557     1112.86   52.5820   22.0886
17 50  4.000   3.4217 -22.1340     1118.28   52.7426   21.9227
17 50  5.000   3.4623 -22.4099     1123.72   52.9027   21.7576
17 50  6.000   3.5024 -22.6833     1129.18   53.0623   21.5935
17 50  7.000   3.5420 -22.9543     1134.67   53.2214   21.4302
17 50  8.000   3.5811 -23.2230     1140.17   53.3800   21.2677
17 50  9.000   3.6196 -23.4893     1145.70   53.5380   21.1062
17 50 10.000   3.6577 -23.7533     1151.25   53.6955   20.9455
17 50 11.000   3.6953 -24.0150     1156.82   53.8524   20.7857
17 50 12.000   3.7324 -24.2744     1162.40   54.0087   20.6268
17 50 13.000   3.7689 -24.5316     1168.01   54.1644   20.4687
17 50 14.000   3.8050 -24.7866     1173.64   54.3195   20.3115
17 50 15.000   3.8407 -25.0393     1179.29   54.4740   20.1552
17 50 16.000   3.8758 -25.2899     1184.95   54.6279   19.9998
17 50 17.000   3.9105 -25.5383     1190.64   54.7812   19.8452
17 50 18.000   3.9447 -25.7847     1196.34   54.9338   19.6915
17 50 19.000   3.9785 -26.0289     1202.06   55.0858   19.5387
17 50 20.000   4.0118 -26.2710     1207.80   55.2371   19.3867
17 50 21.000   4.0446 -26.5111     1213.56   55.3878   19.2356
17 50 22.000   4.0770 -26.7491     1219.34   55.5379   19.0853
17 50 23.000   4.1089 -26.9851     1225.13   55.6873   18.9359
17 50 24.000   4.1404 -27.2192     1230.94   55.8360   18.7874
17 50 25.000   4.1715 -27.4513     1236.76   55.9841   18.6397
17 50 26.000   4.2021 -27.6814     1242.60   56.1314   18.4928
17 50 27.000   4.2323 -27.9096     1248.46   56.2782   18.3468
17 50 28.000   4.2621 -28.1359     1254.33   56.4242   18.2016
17 50 29.000   4.2914 -28.3603     1260.22   56.5696   18.0573
17 50 30.000   4.3204 -28.5829     1266.13   56.7142   17.9137
17 50 31.000   4.3489 -28.8037     1272.05   56.8582   17.7710
17 50 32.000   4.3770 -29.0226     1277.98   57.0016   17.6292
17 50 33.000   4.4047 -29.2397     1283.93   57.1442   17.4881
17 50 34.000   4.4320 -29.4551     1289.90   57.2861   17.3479
17 50 35.000   4.4589 -29.6687     1295.88   57.4274   17.2084
17 50 36.000   4.4854 -29.8805     1301.87   57.5680   17.0698
17 50 37.000   4.5115 -30.0907     1307.88   57.7079   16.9319
17 50 38.000   4.5372 -30.2991     1313.90   57.8471   16.7949
17 50 39.000   4.5625 -30.5059     1319.93   57.9857   16.6586
17 50 40.000   4.5874 -30.7110     1325.98   58.1235   16.5231
17 50 41.000   4.6120 -30.9145     1332.04   58.2607   16.3884
17 50 42.000   4.6362 -31.1164     1338.11   58.3972   16.2544
17 50 43.000   4.6600 -31.3167     1344.20   58.5330   16.1213
17 50 44.000   4.6834 -31.5153     1350.30   58.6682   15.9889
17 50 45.000   4.7065 -31.7125     1356.41   58.8026   15.8572
17 50 46.000   4.7292 -31.9080     1362.53   58.9364   15.7263
17 50 47.000   4.7515 -32.1021     1368.67   59.0696   15.5961
17 50 48.000   4.7735 -32.2946     1374.82   59.2020   15.4667
17 50 49.000   4.7951 -32.4857     1380.98   59.3338   15.3380
17 50 50.000   4.8163 -32.6753     1387.15   59.4650   15.2100
17 50 51.000   4.8372 -32.8634     1393.33   59.5955   15.0828
17 50 52.000   4.8578 -33.0500     1399.53   59.7253   14.9562
17 50 53.000   4.8780 -33.2353     1405.73   59.8544   14.8304
17 50 54.000   4.8978 -33.4191     1411.95   59.9830   14.7053
17 50 55.000   4.9174 -33.6016     1418.18   60.1108   14.5809
17 50 56.000   4.9366 -33.7826     1424.41   60.2380   14.4572
17 50 57.000   4.9554 -33.9623     1430.66   60.3646   14.3342
17 50 58.000   4.9739 -34.1407     1436.92   60.4906   14.2118
17 50 59.000   4.9920 -34.3173     1443.18   60.6156   14.0904
17 51  0.000   5.0099 -34.4930     1449.46   60.7403   13.9694
17 51  1.000   5.0274 -34.6674     1455.75   60.8643   13.8490
17 51  2.000   5.0446 -34.8406     1462.05   60.9877   13.7294
17 51  3.000   5.0615 -35.0124     1468.35   61.1105   13.6104
17 51  4.000   5.0781 -35.1830     1474.67   61.2327   13.4920
17 51  5.000   5.0943 -35.3523     1481.00   61.3543   13.3743
17 51  6.000   5.1102 -35.5205     1487.34   61.4752   13.2572
17 51  7.000   5.1258 -35.6874     1493.68   61.5956   13.1408
17 51  8.000   5.1412 -35.8531     1500.04   61.7153   13.0250
17 51  9.000   5.1562 -36.0176     1506.40   61.8345   12.9098
17 51 10.000   5.1708 -36.1809     1512.77   61.9530   12.7952
17 51 11.000   5.1852 -36.3431     1519.16   62.0710   12.6812
17 51 12.000   5.1993 -36.5041     1525.55   62.1883   12.5679
17 51 13.000   5.2131 -36.6640     1531.94   62.3051   12.4551
17 51 14.000   5.2266 -36.8228     1538.35   62.4213   12.3430
17 51 15.000   5.2398 -36.9805     1544.77   62.5370   12.2314
17 51 16.000   5.2527 -37.1370     1551.19   62.6520   12.1204
17 51 17.000   5.2653 -37.2925     1557.62   62.7665   12.0100
17 51 18.000   5.2776 -37.4469     1564.06   62.8804   11.9002
17 51 19.000   5.2897 -37.6002     1570.51   62.9938   11.7910
17 51 20.000   5.3014 -37.7525     1576.96   63.1066   11.6823
17 51 21.000   5.3129 -37.9038     1583.42   63.2189   11.5741
17 51 22.000   5.3241 -38.0540     1589.89   63.3306   11.4666
17 51 23.000   5.3350 -38.2032     1596.37   63.4417   11.3596
17 51 24.000   5.3456 -38.3514     1602.85   63.5524   11.2531
17 51 25.000   5.3560 -38.4986     1609.35   63.6625   11.1472
17 51 26.000   5.3660 -38.6448     1615.84   63.7720   11.0418
17 51 27.000   5.3758 -38.7901     1622.35   63.8811   10.9369
17 51 28.000   5.3854 -38.9344     1628.86   63.9896   10.8326
17 51 29.000   5.3946 -39.0777     1635.38   64.0975   10.7288
17 51 30.000   5.4036 -39.2201     1641.91   64.2050   10.6255
17 51 31.000   5.4124 -39.3616     1648.44   64.3120   10.5227
17 51 32.000   5.4208 -39.5021     1654.98   64.4184   10.4204
17 51 33.000   5.4290 -39.6418     1661.53   64.5244   10.3186
17 51 34.000   5.4370 -39.7805     1668.08   64.6298   10.2174
17 51 35.000   5.4447 -39.9184     1674.64   64.7348   10.1166
17 51 36.000   5.4521 -40.0553     1681.20   64.8392   10.0163
17 51 37.000   5.4592 -40.1914     1687.77   64.9432    9.9165
17 51 38.000   5.4662 -40.3266     1694.35   65.0467    9.8172
17 51 39.000   5.4728 -40.4610     1700.93   65.1497    9.7183
17 51 40.000   5.4792 -40.5945     1707.52   65.2522    9.6199
17 51 41.000   5.4854 -40.7272     1714.11   65.3542    9.5220
17 51 42.000   5.4913 -40.8591     1720.71   65.4558    9.4246
17 51 43.000   5.4970 -40.9902     1727.32   65.5569    9.3276
17 51 44.000   5.5024 -41.1204     1733.93   65.6576    9.2311
17 51 45.000   5.5075 -41.2498     1740.55   65.7578    9.1350
17 51 46.000   5.5125 -41.3785     1747.17   65.8575    9.0394
17 51 47.000   5.5172 -41.5063     1753.80   65.9568    8.9442
17 51 48.000   5.5216 -41.6334     1760.43   66.0556    8.8494
17 51 49.000   5.5258 -41.7598     1767.07   66.1540    8.7551
17 51 50.000   5.5298 -41.8853     1773.71   66.2520    8.6612
17 51 51.000   5.5335 -42.0101     1780.36   66.3495    8.5678
17 51 52.000   5.5370 -42.1342     1787.02   66.4466    8.4747
17 51 53.000   5.5403 -42.2575     1793.68   66.5432    8.3821
17 51 54.000   5.5433 -42.3801     1800.34   66.6394    8.2899
17 51 55.000   5.5461 -42.5020     1807.01   66.7353    8.1981
17 51 56.000   5.5487 -42.6231     1813.68   66.8306    8.1068
17 51 57.000   5.5510 -42.7436     1820.36   66.9256    8.0158
17 51 58.000   5.5531 -42.8633     1827.04   67.0202    7.9252
17 51 59.000   5.5550 -42.9822     1833.72   67.1141    7.8352
17 52  0.000   5.5567 -43.1005     1840.41   67.2079    7.7454
17 52  1.000   5.5581 -43.2182     1847.11   67.3012    7.6560
17 52  2.000   5.5593 -43.3353     1853.81   67.3941    7.5670
17 52  3.000   5.5603 -43.4516     1860.51   67.4867    7.4784
17 52  4.000   5.5611 -43.5673     1867.22   67.5788    7.3902
17 52  5.000   5.5616 -43.6824     1873.94   67.6706    7.3023
17 52  6.000   5.5620 -43.7968     1880.65   67.7620    7.2148
17 52  7.000   5.5621 -43.9106     1887.38   67.8530    7.1277
17 52  8.000   5.5620 -44.0237     1894.10   67.9436    7.0409
17 52  9.000   5.5617 -44.1362     1900.83   68.0338    6.9545
17 52 10.000   5.5612 -44.2481     1907.57   68.1237    6.8685
17 52 11.000   5.5604 -44.3594     1914.31   68.2132    6.7828
17 52 12.000   5.5595 -44.4700     1921.05   68.3023    6.6975
17 52 13.000   5.5583 -44.5801     1927.79   68.3911    6.6125
17 52 14.000   5.5569 -44.6896     1934.54   68.4795    6.5279
17 52 15.000   5.5553 -44.7984     1941.30   68.5675    6.4436
17 52 16.000   5.5535 -44.9067     1948.06   68.6552    6.3596
17 52 17.000   5.5515 -45.0145     1954.82   68.7425    6.2760
17 52 18.000   5.5493 -45.1216     1961.58   68.8295    6.1928
17 52 19.000   5.5469 -45.2282     1968.35   68.9162    6.1098
17 52 20.000   5.5443 -45.3342     1975.12   69.0025    6.0272
17 52 21.000   5.5415 -45.4397     1981.90   69.0884    5.9449
17 52 22.000   5.5385 -45.5446     1988.68   69.1740    5.8630
17 52 23.000   5.5352 -45.6489     1995.46   69.2593    5.7813
17 52 24.000   5.5318 -45.7527     2002.24   69.3442    5.7000
17 52 25.000   5.5282 -45.8560     2009.03   69.4289    5.6190
17 52 26.000   5.5244 -45.9588     2015.83   69.5131    5.5383
17 52 27.000   5.5203 -46.0610     2022.62   69.5971    5.4579
17 52 28.000   5.5161 -46.1627     2029.42   69.6807    5.3778
17 52 29.000   5.5117 -46.2639     2036.22   69.7641    5.2980
17 52 30.000   5.5071 -46.3646     2043.03   69.8471    5.2185
17 52 31.000   5.5023 -46.4648     2049.83   69.9298    5.1394
17 52 32.000   5.4973 -46.5644     2056.64   70.0121    5.0605
