 NO.     DATE      TIME       A(度)      V_A(度/秒)   h(度)      V_h(度/秒)     距离(km)     水平高(km)
00001  20181105  174351000  357.520810    0.000000    5.022841    0.000000    2079.620000      495.23
00001  20181105  174352000  357.462009    0.000000    5.100712    0.000000    2072.790000      495.24
00001  20181105  174353000  357.402784    0.000000    5.178871    0.000000    2065.970000      495.25
00001  20181105  174354000  357.343131    0.000000    5.257319    0.000000    2059.150000      495.25
00001  20181105  174355000  357.283045    0.000000    5.336058    0.000000    2052.330000      495.26
00001  20181105  174356000  357.222523    0.000000    5.415092    0.000000    2045.520000      495.26
00001  20181105  174357000  357.161559    0.000000    5.494423    0.000000    2038.710000      495.27
00001  20181105  174358000  357.100149    0.000000    5.574053    0.000000    2031.900000      495.27
00001  20181105  174359000  357.038341    0.000000    5.653905    0.000000    2025.110000      495.28
00001  20181105  174400000  356.976025    0.000000    5.734142    0.000000    2018.310000      495.28
00001  20181105  174401000  356.913250    0.000000    5.814686    0.000000    2011.510000      495.29
00001  20181105  174402000  356.850009    0.000000    5.895541    0.000000    2004.720000      495.29
00001  20181105  174403000  356.786299    0.000000    5.976708    0.000000    1997.920000      495.30
00001  20181105  174404000  356.722114    0.000000    6.058192    0.000000    1991.140000      495.30
00001  20181105  174405000  356.657448    0.000000    6.139993    0.000000    1984.350000      495.31
00001  20181105  174406000  356.592298    0.000000    6.222116    0.000000    1977.570000      495.31
00001  20181105  174407000  356.526658    0.000000    6.304564    0.000000    1970.800000      495.32
00001  20181105  174408000  356.460522    0.000000    6.387338    0.000000    1964.020000      495.33
00001  20181105  174409000  356.393885    0.000000    6.470442    0.000000    1957.250000      495.33
00001  20181105  174410000  356.326742    0.000000    6.553879    0.000000    1950.490000      495.34
00001  20181105  174411000  356.259088    0.000000    6.637652    0.000000    1943.720000      495.34
00001  20181105  174412000  356.190916    0.000000    6.721765    0.000000    1936.960000      495.35
00001  20181105  174413000  356.122221    0.000000    6.806218    0.000000    1930.210000      495.35
00001  20181105  174414000  356.052998    0.000000    6.891017    0.000000    1923.460000      495.36
00001  20181105  174415000  355.983241    0.000000    6.976165    0.000000    1916.710000      495.36
00001  20181105  174416000  355.912943    0.000000    7.061663    0.000000    1909.970000      495.37
00001  20181105  174417000  355.842099    0.000000    7.147516    0.000000    1903.230000      495.37
00001  20181105  174418000  355.770703    0.000000    7.233726    0.000000    1896.490000      495.38
00001  20181105  174419000  355.698748    0.000000    7.320297    0.000000    1889.760000      495.38
00001  20181105  174420000  355.626229    0.000000    7.407232    0.000000    1883.030000      495.39
00001  20181105  174421000  355.553139    0.000000    7.494535    0.000000    1876.310000      495.39
00001  20181105  174422000  355.479472    0.000000    7.582208    0.000000    1869.590000      495.40
00001  20181105  174423000  355.405221    0.000000    7.670255    0.000000    1862.870000      495.41
00001  20181105  174424000  355.330379    0.000000    7.758680    0.000000    1856.160000      495.41
00001  20181105  174425000  355.254941    0.000000    7.847486    0.000000    1849.460000      495.42
00001  20181105  174426000  355.178899    0.000000    7.936675    0.000000    1842.760000      495.42
00001  20181105  174427000  355.102246    0.000000    8.026253    0.000000    1836.060000      495.43
00001  20181105  174428000  355.024976    0.000000    8.116222    0.000000    1829.370000      495.43
00001  20181105  174429000  354.947147    0.000000    8.206495    0.000000    1822.690000      495.44
00001  20181105  174430000  354.868620    0.000000    8.297257    0.000000    1816.000000      495.44
00001  20181105  174431000  354.789454    0.000000    8.388421    0.000000    1809.320000      495.45
00001  20181105  174432000  354.709642    0.000000    8.479990    0.000000    1802.650000      495.45
00001  20181105  174433000  354.629176    0.000000    8.571970    0.000000    1795.980000      495.46
00001  20181105  174434000  354.548048    0.000000    8.664362    0.000000    1789.320000      495.46
00001  20181105  174435000  354.466250    0.000000    8.757171    0.000000    1782.660000      495.47
00001  20181105  174436000  354.383775    0.000000    8.850402    0.000000    1776.000000      495.47
00001  20181105  174437000  354.300615    0.000000    8.944056    0.000000    1769.360000      495.48
00001  20181105  174438000  354.216762    0.000000    9.038140    0.000000    1762.710000      495.48
00001  20181105  174439000  354.132207    0.000000    9.132655    0.000000    1756.070000      495.49
00001  20181105  174440000  354.046943    0.000000    9.227607    0.000000    1749.440000      495.49
00001  20181105  174441000  353.960960    0.000000    9.323000    0.000000    1742.810000      495.50
00001  20181105  174442000  353.874250    0.000000    9.418836    0.000000    1736.190000      495.50
00001  20181105  174443000  353.786805    0.000000    9.515122    0.000000    1729.570000      495.51
00001  20181105  174444000  353.698615    0.000000    9.611859    0.000000    1722.960000      495.52
00001  20181105  174445000  353.609672    0.000000    9.709054    0.000000    1716.360000      495.52
00001  20181105  174446000  353.519966    0.000000    9.806709    0.000000    1709.760000      495.53
00001  20181105  174447000  353.429488    0.000000    9.904830    0.000000    1703.160000      495.53
00001  20181105  174448000  353.338230    0.000000   10.003419    0.000000    1696.580000      495.54
00001  20181105  174449000  353.246180    0.000000   10.102483    0.000000    1689.990000      495.54
00001  20181105  174450000  353.153331    0.000000   10.202024    0.000000    1683.420000      495.55
00001  20181105  174451000  353.059670    0.000000   10.302048    0.000000    1676.850000      495.55
00001  20181105  174452000  352.965190    0.000000   10.402558    0.000000    1670.280000      495.56
00001  20181105  174453000  352.869879    0.000000   10.503559    0.000000    1663.730000      495.56
00001  20181105  174454000  352.773728    0.000000   10.605056    0.000000    1657.180000      495.57
00001  20181105  174455000  352.676725    0.000000   10.707054    0.000000    1650.630000      495.57
00001  20181105  174456000  352.578861    0.000000   10.809556    0.000000    1644.090000      495.58
00001  20181105  174457000  352.480123    0.000000   10.912567    0.000000    1637.560000      495.58
00001  20181105  174458000  352.380503    0.000000   11.016092    0.000000    1631.040000      495.59
00001  20181105  174459000  352.280074    0.000000   11.120030    0.000000    1624.530000      495.59
00001  20181105  174500000  352.178653    0.000000   11.224597    0.000000    1618.020000      495.60
00001  20181105  174501000  352.076315    0.000000   11.329691    0.000000    1611.510000      495.60
00001  20181105  174502000  351.973047    0.000000   11.435318    0.000000    1605.020000      495.61
00001  20181105  174503000  351.868838    0.000000   11.541483    0.000000    1598.530000      495.61
00001  20181105  174504000  351.763676    0.000000   11.648190    0.000000    1592.040000      495.62
00001  20181105  174505000  351.657548    0.000000   11.755444    0.000000    1585.570000      495.62
00001  20181105  174506000  351.550442    0.000000   11.863251    0.000000    1579.100000      495.63
00001  20181105  174507000  351.442346    0.000000   11.971614    0.000000    1572.640000      495.63
00001  20181105  174508000  351.333246    0.000000   12.080540    0.000000    1566.190000      495.64
00001  20181105  174509000  351.223130    0.000000   12.190033    0.000000    1559.750000      495.64
00001  20181105  174510000  351.111983    0.000000   12.300098    0.000000    1553.310000      495.65
00001  20181105  174511000  350.999793    0.000000   12.410741    0.000000    1546.880000      495.65
00001  20181105  174512000  350.886546    0.000000   12.521965    0.000000    1540.460000      495.66
00001  20181105  174513000  350.772229    0.000000   12.633777    0.000000    1534.050000      495.66
00001  20181105  174514000  350.656825    0.000000   12.746182    0.000000    1527.640000      495.67
00001  20181105  174515000  350.540322    0.000000   12.859185    0.000000    1521.250000      495.67
00001  20181105  174516000  350.422705    0.000000   12.972790    0.000000    1514.860000      495.68
00001  20181105  174517000  350.303958    0.000000   13.087004    0.000000    1508.480000      495.68
00001  20181105  174518000  350.184068    0.000000   13.201832    0.000000    1502.110000      495.69
00001  20181105  174519000  350.063017    0.000000   13.317278    0.000000    1495.750000      495.69
00001  20181105  174520000  349.940791    0.000000   13.433349    0.000000    1489.400000      495.70
00001  20181105  174521000  349.817374    0.000000   13.550049    0.000000    1483.060000      495.71
00001  20181105  174522000  349.692749    0.000000   13.667384    0.000000    1476.730000      495.71
00001  20181105  174523000  349.566900    0.000000   13.785360    0.000000    1470.400000      495.72
00001  20181105  174524000  349.439811    0.000000   13.903981    0.000000    1464.090000      495.72
00001  20181105  174525000  349.311464    0.000000   14.023253    0.000000    1457.780000      495.73
00001  20181105  174526000  349.181842    0.000000   14.143182    0.000000    1451.490000      495.73
00001  20181105  174527000  349.050927    0.000000   14.263773    0.000000    1445.210000      495.74
00001  20181105  174528000  348.918702    0.000000   14.385031    0.000000    1438.930000      495.74
00001  20181105  174529000  348.785267    0.000000   14.506839    0.000000    1432.670000      495.75
00001  20181105  174530000  348.650368    0.000000   14.629448    0.000000    1426.420000      495.75
00001  20181105  174531000  348.514104    0.000000   14.752741    0.000000    1420.180000      495.76
00001  20181105  174532000  348.376454    0.000000   14.876723    0.000000    1413.940000      495.76
00001  20181105  174533000  348.237400    0.000000   15.001400    0.000000    1407.720000      495.77
00001  20181105  174534000  348.096922    0.000000   15.126777    0.000000    1401.510000      495.77
00001  20181105  174535000  347.954999    0.000000   15.252860    0.000000    1395.310000      495.78
00001  20181105  174536000  347.811613    0.000000   15.379654    0.000000    1389.120000      495.78
00001  20181105  174537000  347.666740    0.000000   15.507166    0.000000    1382.940000      495.79
00001  20181105  174538000  347.520362    0.000000   15.635399    0.000000    1376.780000      495.79
00001  20181105  174539000  347.372455    0.000000   15.764359    0.000000    1370.620000      495.80
00001  20181105  174540000  347.222998    0.000000   15.894053    0.000000    1364.480000      495.80
00001  20181105  174541000  347.071969    0.000000   16.024485    0.000000    1358.350000      495.81
00001  20181105  174542000  346.919346    0.000000   16.155661    0.000000    1352.230000      495.81
00001  20181105  174543000  346.765105    0.000000   16.287585    0.000000    1346.130000      495.82
00001  20181105  174544000  346.609222    0.000000   16.420264    0.000000    1340.040000      495.82
00001  20181105  174545000  346.451675    0.000000   16.553703    0.000000    1333.960000      495.83
00001  20181105  174546000  346.292438    0.000000   16.687906    0.000000    1327.890000      495.83
00001  20181105  174547000  346.131488    0.000000   16.822879    0.000000    1321.830000      495.84
00001  20181105  174548000  345.968798    0.000000   16.958627    0.000000    1315.790000      495.84
00001  20181105  174549000  345.804345    0.000000   17.095154    0.000000    1309.770000      495.85
00001  20181105  174550000  345.638101    0.000000   17.232467    0.000000    1303.750000      495.85
00001  20181105  174551000  345.470041    0.000000   17.370569    0.000000    1297.750000      495.85
00001  20181105  174552000  345.300137    0.000000   17.509466    0.000000    1291.770000      495.86
00001  20181105  174553000  345.128363    0.000000   17.649163    0.000000    1285.800000      495.86
00001  20181105  174554000  344.954690    0.000000   17.789663    0.000000    1279.840000      495.87
00001  20181105  174555000  344.779091    0.000000   17.930971    0.000000    1273.900000      495.87
00001  20181105  174556000  344.601536    0.000000   18.073093    0.000000    1267.970000      495.88
00001  20181105  174557000  344.421997    0.000000   18.216031    0.000000    1262.060000      495.88
00001  20181105  174558000  344.240444    0.000000   18.359791    0.000000    1256.170000      495.89
00001  20181105  174559000  344.057013    0.000000   18.504229    0.000000    1250.290000      495.89
00001  20181105  174600000  343.871342    0.000000   18.649643    0.000000    1244.430000      495.90
00001  20181105  174601000  343.683566    0.000000   18.795890    0.000000    1238.580000      495.90
00001  20181105  174602000  343.493651    0.000000   18.942974    0.000000    1232.750000      495.91
00001  20181105  174603000  343.301567    0.000000   19.090898    0.000000    1226.930000      495.91
00001  20181105  174604000  343.107279    0.000000   19.239666    0.000000    1221.130000      495.92
00001  20181105  174605000  342.910755    0.000000   19.389280    0.000000    1215.350000      495.92
00001  20181105  174606000  342.711961    0.000000   19.539744    0.000000    1209.590000      495.93
00001  20181105  174607000  342.510862    0.000000   19.691060    0.000000    1203.840000      495.93
00001  20181105  174608000  342.307423    0.000000   19.843231    0.000000    1198.110000      495.94
00001  20181105  174609000  342.101609    0.000000   19.996259    0.000000    1192.400000      495.94
00001  20181105  174610000  341.893384    0.000000   20.150146    0.000000    1186.710000      495.95
00001  20181105  174611000  341.682709    0.000000   20.304894    0.000000    1181.040000      495.95
00001  20181105  174612000  341.469549    0.000000   20.460504    0.000000    1175.380000      495.96
00001  20181105  174613000  341.253865    0.000000   20.616977    0.000000    1169.750000      495.96
00001  20181105  174614000  341.035618    0.000000   20.774315    0.000000    1164.130000      495.97
00001  20181105  174615000  340.814769    0.000000   20.932518    0.000000    1158.530000      495.97
00001  20181105  174616000  340.591278    0.000000   21.091587    0.000000    1152.960000      495.98
00001  20181105  174617000  340.365105    0.000000   21.251520    0.000000    1147.400000      495.98
00001  20181105  174618000  340.136208    0.000000   21.412319    0.000000    1141.870000      495.99
00001  20181105  174619000  339.904546    0.000000   21.573981    0.000000    1136.350000      495.99
00001  20181105  174620000  339.670076    0.000000   21.736507    0.000000    1130.860000      496.00
00001  20181105  174621000  339.432755    0.000000   21.899893    0.000000    1125.390000      496.00
00001  20181105  174622000  339.192539    0.000000   22.064139    0.000000    1119.940000      496.01
00001  20181105  174623000  338.949384    0.000000   22.229242    0.000000    1114.510000      496.01
00001  20181105  174624000  338.703245    0.000000   22.395198    0.000000    1109.110000      496.01
00001  20181105  174625000  338.454075    0.000000   22.562004    0.000000    1103.730000      496.02
00001  20181105  174626000  338.201828    0.000000   22.729657    0.000000    1098.370000      496.02
00001  20181105  174627000  337.946458    0.000000   22.898152    0.000000    1093.040000      496.03
00001  20181105  174628000  337.687916    0.000000   23.067484    0.000000    1087.720000      496.03
00001  20181105  174629000  337.426395    0.000000   23.237471    0.000000    1082.440000      496.04
00001  20181105  174630000  337.161366    0.000000   23.408457    0.000000    1077.180000      496.04
00001  20181105  174631000  336.893019    0.000000   23.580262    0.000000    1071.950000      496.05
00001  20181105  174632000  336.621301    0.000000   23.752877    0.000000    1066.740000      496.05
00001  20181105  174633000  336.346163    0.000000   23.926294    0.000000    1061.550000      496.06
00001  20181105  174634000  336.067552    0.000000   24.100505    0.000000    1056.390000      496.06
00001  20181105  174635000  335.785416    0.000000   24.275499    0.000000    1051.260000      496.07
00001  20181105  174636000  335.499701    0.000000   24.451266    0.000000    1046.150000      496.07
00001  20181105  174637000  335.210355    0.000000   24.627795    0.000000    1041.080000      496.08
00001  20181105  174638000  334.917322    0.000000   24.805073    0.000000    1036.030000      496.08
00001  20181105  174639000  334.620547    0.000000   24.983089    0.000000    1031.010000      496.09
00001  20181105  174640000  334.319975    0.000000   25.161827    0.000000    1026.010000      496.09
00001  20181105  174641000  334.015549    0.000000   25.341274    0.000000    1021.050000      496.09
00001  20181105  174642000  333.707213    0.000000   25.521414    0.000000    1016.110000      496.10
00001  20181105  174643000  333.394909    0.000000   25.702229    0.000000    1011.210000      496.10
00001  20181105  174644000  333.078580    0.000000   25.883702    0.000000    1006.340000      496.11
00001  20181105  174645000  332.758167    0.000000   26.065815    0.000000    1001.490000      496.11
00001  20181105  174646000  332.433610    0.000000   26.248547    0.000000     996.680000      496.12
00001  20181105  174647000  332.104852    0.000000   26.431877    0.000000     991.900000      496.12
00001  20181105  174648000  331.771831    0.000000   26.615784    0.000000     987.150000      496.13
00001  20181105  174649000  331.434488    0.000000   26.800244    0.000000     982.440000      496.13
00001  20181105  174650000  331.092761    0.000000   26.985232    0.000000     977.760000      496.14
00001  20181105  174651000  330.746591    0.000000   27.170723    0.000000     973.110000      496.14
00001  20181105  174652000  330.395915    0.000000   27.356689    0.000000     968.500000      496.15
00001  20181105  174653000  330.040673    0.000000   27.543101    0.000000     963.920000      496.15
00001  20181105  174654000  329.680803    0.000000   27.729931    0.000000     959.370000      496.16
00001  20181105  174655000  329.316242    0.000000   27.917146    0.000000     954.860000      496.16
00001  20181105  174656000  328.946929    0.000000   28.104713    0.000000     950.390000      496.16
00001  20181105  174657000  328.572802    0.000000   28.292599    0.000000     945.960000      496.17
00001  20181105  174658000  328.193799    0.000000   28.480767    0.000000     941.560000      496.17
00001  20181105  174659000  327.810220    0.000000   28.668984    0.000000     937.200000      496.18
00001  20181105  174700000  327.421284    0.000000   28.857603    0.000000     932.880000      496.18
00001  20181105  174701000  327.027287    0.000000   29.046387    0.000000     928.600000      496.19
00001  20181105  174702000  326.628168    0.000000   29.235295    0.000000     924.350000      496.19
00001  20181105  174703000  326.223865    0.000000   29.424281    0.000000     920.150000      496.20
00001  20181105  174704000  325.814320    0.000000   29.613301    0.000000     915.990000      496.20
00001  20181105  174705000  325.399471    0.000000   29.802306    0.000000     911.860000      496.21
00001  20181105  174706000  324.979260    0.000000   29.991248    0.000000     907.780000      496.21
00001  20181105  174707000  324.553629    0.000000   30.180074    0.000000     903.750000      496.21
00001  20181105  174708000  324.122520    0.000000   30.368732    0.000000     899.750000      496.22
00001  20181105  174709000  323.685876    0.000000   30.557167    0.000000     895.800000      496.22
00001  20181105  174710000  323.243643    0.000000   30.745322    0.000000     891.890000      496.23
00001  20181105  174711000  322.795766    0.000000   30.933138    0.000000     888.030000      496.23
00001  20181105  174712000  322.342193    0.000000   31.120554    0.000000     884.210000      496.24
00001  20181105  174713000  321.882873    0.000000   31.307508    0.000000     880.430000      496.24
00001  20181105  174714000  321.417755    0.000000   31.493935    0.000000     876.710000      496.25
00001  20181105  174715000  320.946793    0.000000   31.679768    0.000000     873.030000      496.25
00001  20181105  174716000  320.469941    0.000000   31.864938    0.000000     869.390000      496.25
00001  20181105  174717000  319.987154    0.000000   32.049376    0.000000     865.810000      496.26
00001  20181105  174718000  319.498392    0.000000   32.233007    0.000000     862.270000      496.26
00001  20181105  174719000  319.003616    0.000000   32.415759    0.000000     858.790000      496.27
00001  20181105  174720000  318.502789    0.000000   32.597553    0.000000     855.350000      496.27
00001  20181105  174721000  317.995878    0.000000   32.778312    0.000000     851.970000      496.28
00001  20181105  174722000  317.482852    0.000000   32.957954    0.000000     848.630000      496.28
00001  20181105  174723000  316.963685    0.000000   33.136399    0.000000     845.350000      496.29
00001  20181105  174724000  316.438351    0.000000   33.313562    0.000000     842.120000      496.29
00001  20181105  174725000  315.906832    0.000000   33.489356    0.000000     838.940000      496.29
00001  20181105  174726000  315.369110    0.000000   33.663694    0.000000     835.810000      496.30
00001  20181105  174727000  314.825173    0.000000   33.836486    0.000000     832.740000      496.30
00001  20181105  174728000  314.275013    0.000000   34.007642    0.000000     829.730000      496.31
00001  20181105  174729000  313.718624    0.000000   34.177068    0.000000     826.770000      496.31
00001  20181105  174730000  313.156009    0.000000   34.344672    0.000000     823.870000      496.32
00001  20181105  174731000  312.587173    0.000000   34.510356    0.000000     821.020000      496.32
00001  20181105  174732000  312.012125    0.000000   34.674024    0.000000     818.230000      496.32
00001  20181105  174733000  311.430882    0.000000   34.835578    0.000000     815.500000      496.33
00001  20181105  174734000  310.843465    0.000000   34.994919    0.000000     812.820000      496.33
00001  20181105  174735000  310.249901    0.000000   35.151946    0.000000     810.210000      496.34
00001  20181105  174736000  309.650222    0.000000   35.306559    0.000000     807.650000      496.34
00001  20181105  174737000  309.044467    0.000000   35.458654    0.000000     805.150000      496.35
00001  20181105  174738000  308.432681    0.000000   35.608131    0.000000     802.720000      496.35
00001  20181105  174739000  307.814915    0.000000   35.754885    0.000000     800.350000      496.36
00001  20181105  174740000  307.191227    0.000000   35.898814    0.000000     798.030000      496.36
00001  20181105  174741000  306.561682    0.000000   36.039813    0.000000     795.780000      496.36
00001  20181105  174742000  305.926350    0.000000   36.177780    0.000000     793.600000      496.37
00001  20181105  174743000  305.285311    0.000000   36.312611    0.000000     791.470000      496.37
00001  20181105  174744000  304.638651    0.000000   36.444204    0.000000     789.410000      496.38
00001  20181105  174745000  303.986461    0.000000   36.572455    0.000000     787.420000      496.38
00001  20181105  174746000  303.328843    0.000000   36.697263    0.000000     785.490000      496.39
00001  20181105  174747000  302.665903    0.000000   36.818528    0.000000     783.620000      496.39
00001  20181105  174748000  301.997757    0.000000   36.936150    0.000000     781.820000      496.39
00001  20181105  174749000  301.324527    0.000000   37.050030    0.000000     780.090000      496.40
00001  20181105  174750000  300.646343    0.000000   37.160073    0.000000     778.420000      496.40
00001  20181105  174751000  299.963342    0.000000   37.266184    0.000000     776.820000      496.41
00001  20181105  174752000  299.275670    0.000000   37.368269    0.000000     775.290000      496.41
00001  20181105  174753000  298.583478    0.000000   37.466238    0.000000     773.830000      496.41
00001  20181105  174754000  297.886927    0.000000   37.560002    0.000000     772.430000      496.42
00001  20181105  174755000  297.186182    0.000000   37.649478    0.000000     771.100000      496.42
00001  20181105  174756000  296.481417    0.000000   37.734580    0.000000     769.850000      496.43
00001  20181105  174757000  295.772814    0.000000   37.815231    0.000000     768.660000      496.43
00001  20181105  174758000  295.060558    0.000000   37.891354    0.000000     767.540000      496.44
00001  20181105  174759000  294.346248    0.000000   37.962695    0.000000     766.490000      496.44
00001  20181105  174800000  293.627283    0.000000   38.029556    0.000000     765.510000      496.44
00001  20181105  174801000  292.905265    0.000000   38.091681    0.000000     764.610000      496.45
00001  20181105  174802000  292.180405    0.000000   38.149009    0.000000     763.770000      496.45
00001  20181105  174803000  291.452920    0.000000   38.201483    0.000000     763.000000      496.46
00001  20181105  174804000  290.723032    0.000000   38.249051    0.000000     762.310000      496.46
00001  20181105  174805000  289.990967    0.000000   38.291664    0.000000     761.680000      496.46
00001  20181105  174806000  289.256955    0.000000   38.329280    0.000000     761.130000      496.47
00001  20181105  174807000  288.521231    0.000000   38.361859    0.000000     760.650000      496.47
00001  20181105  174808000  287.784031    0.000000   38.389367    0.000000     760.240000      496.48
00001  20181105  174809000  287.045597    0.000000   38.411776    0.000000     759.910000      496.48
00001  20181105  174810000  286.306171    0.000000   38.429062    0.000000     759.650000      496.49
00001  20181105  174811000  285.565998    0.000000   38.441207    0.000000     759.450000      496.49
00001  20181105  174812000  284.825324    0.000000   38.448197    0.000000     759.330000      496.49
00001  20181105  174813000  284.084397    0.000000   38.450025    0.000000     759.290000      496.50
00001  20181105  174814000  283.343464    0.000000   38.446688    0.000000     759.310000      496.50
00001  20181105  174815000  282.602774    0.000000   38.438188    0.000000     759.410000      496.51
00001  20181105  174816000  281.862574    0.000000   38.424534    0.000000     759.580000      496.51
00001  20181105  174817000  281.123109    0.000000   38.405739    0.000000     759.820000      496.51
00001  20181105  174818000  280.384625    0.000000   38.381820    0.000000     760.140000      496.52
00001  20181105  174819000  279.647365    0.000000   38.352803    0.000000     760.530000      496.52
00001  20181105  174820000  278.911570    0.000000   38.318715    0.000000     760.980000      496.53
00001  20181105  174821000  278.177476    0.000000   38.279590    0.000000     761.520000      496.53
00001  20181105  174822000  277.445318    0.000000   38.235468    0.000000     762.120000      496.53
00001  20181105  174823000  276.715326    0.000000   38.186390    0.000000     762.790000      496.54
00001  20181105  174824000  275.987728    0.000000   38.132407    0.000000     763.540000      496.54
00001  20181105  174825000  275.262744    0.000000   38.073570    0.000000     764.350000      496.55
00001  20181105  174826000  274.540592    0.000000   38.009936    0.000000     765.240000      496.55
00001  20181105  174827000  273.821483    0.000000   37.941567    0.000000     766.200000      496.55
00001  20181105  174828000  273.105622    0.000000   37.868528    0.000000     767.230000      496.56
00001  20181105  174829000  272.393210    0.000000   37.790888    0.000000     768.320000      496.56
00001  20181105  174830000  271.684440    0.000000   37.708721    0.000000     769.490000      496.57
00001  20181105  174831000  270.979501    0.000000   37.622103    0.000000     770.730000      496.57
00001  20181105  174832000  270.278572    0.000000   37.531113    0.000000     772.040000      496.57
00001  20181105  174833000  269.581827    0.000000   37.435834    0.000000     773.410000      496.58
00001  20181105  174834000  268.889434    0.000000   37.336352    0.000000     774.860000      496.58
00001  20181105  174835000  268.201551    0.000000   37.232755    0.000000     776.370000      496.58
00001  20181105  174836000  267.518332    0.000000   37.125134    0.000000     777.950000      496.59
00001  20181105  174837000  266.839921    0.000000   37.013582    0.000000     779.600000      496.59
00001  20181105  174838000  266.166455    0.000000   36.898194    0.000000     781.310000      496.60
00001  20181105  174839000  265.498066    0.000000   36.779066    0.000000     783.090000      496.60
00001  20181105  174840000  264.834875    0.000000   36.656298    0.000000     784.940000      496.60
00001  20181105  174841000  264.176997    0.000000   36.529988    0.000000     786.850000      496.61
00001  20181105  174842000  263.524541    0.000000   36.400237    0.000000     788.820000      496.61
00001  20181105  174843000  262.877606    0.000000   36.267148    0.000000     790.870000      496.62
00001  20181105  174844000  262.236286    0.000000   36.130823    0.000000     792.970000      496.62
00001  20181105  174845000  261.600667    0.000000   35.991365    0.000000     795.140000      496.62
00001  20181105  174846000  260.970826    0.000000   35.848877    0.000000     797.370000      496.63
00001  20181105  174847000  260.346836    0.000000   35.703464    0.000000     799.660000      496.63
00001  20181105  174848000  259.728761    0.000000   35.555228    0.000000     802.020000      496.63
00001  20181105  174849000  259.116660    0.000000   35.404274    0.000000     804.440000      496.64
00001  20181105  174850000  258.510583    0.000000   35.250705    0.000000     806.910000      496.64
00001  20181105  174851000  257.910577    0.000000   35.094624    0.000000     809.450000      496.65
00001  20181105  174852000  257.316678    0.000000   34.936132    0.000000     812.050000      496.65
00001  20181105  174853000  256.728921    0.000000   34.775331    0.000000     814.710000      496.65
00001  20181105  174854000  256.147332    0.000000   34.612322    0.000000     817.420000      496.66
00001  20181105  174855000  255.571933    0.000000   34.447204    0.000000     820.200000      496.66
00001  20181105  174856000  255.002739    0.000000   34.280076    0.000000     823.030000      496.67
00001  20181105  174857000  254.439761    0.000000   34.111034    0.000000     825.910000      496.67
00001  20181105  174858000  253.883005    0.000000   33.940175    0.000000     828.860000      496.67
00001  20181105  174859000  253.333590    0.000000   33.767902    0.000000     831.850000      496.68
00001  20181105  174900000  252.789262    0.000000   33.593693    0.000000     834.900000      496.68
00001  20181105  174901000  252.251144    0.000000   33.417944    0.000000     838.010000      496.68
00001  20181105  174902000  251.719224    0.000000   33.240747    0.000000     841.170000      496.69
00001  20181105  174903000  251.193485    0.000000   33.062188    0.000000     844.390000      496.69
00001  20181105  174904000  250.673907    0.000000   32.882354    0.000000     847.660000      496.69
00001  20181105  174905000  250.160465    0.000000   32.701328    0.000000     850.970000      496.70
00001  20181105  174906000  249.653134    0.000000   32.519195    0.000000     854.350000      496.70
00001  20181105  174907000  249.151882    0.000000   32.336034    0.000000     857.770000      496.71
00001  20181105  174908000  248.656676    0.000000   32.151923    0.000000     861.240000      496.71
00001  20181105  174909000  248.167479    0.000000   31.966941    0.000000     864.760000      496.71
00001  20181105  174910000  247.684254    0.000000   31.781160    0.000000     868.330000      496.72
00001  20181105  174911000  247.206958    0.000000   31.594656    0.000000     871.950000      496.72
00001  20181105  174912000  246.735548    0.000000   31.407497    0.000000     875.610000      496.72
00001  20181105  174913000  246.269979    0.000000   31.219753    0.000000     879.320000      496.73
00001  20181105  174914000  245.810202    0.000000   31.031491    0.000000     883.080000      496.73
00001  20181105  174915000  245.356169    0.000000   30.842776    0.000000     886.890000      496.73
00001  20181105  174916000  244.907827    0.000000   30.653671    0.000000     890.740000      496.74
00001  20181105  174917000  244.465125    0.000000   30.464236    0.000000     894.630000      496.74
00001  20181105  174918000  244.028009    0.000000   30.274530    0.000000     898.570000      496.75
00001  20181105  174919000  243.596423    0.000000   30.084611    0.000000     902.550000      496.75
00001  20181105  174920000  243.170310    0.000000   29.894533    0.000000     906.580000      496.75
00001  20181105  174921000  242.749614    0.000000   29.704351    0.000000     910.650000      496.76
00001  20181105  174922000  242.334276    0.000000   29.514114    0.000000     914.760000      496.76
00001  20181105  174923000  241.924237    0.000000   29.323873    0.000000     918.910000      496.76
00001  20181105  174924000  241.519437    0.000000   29.133675    0.000000     923.100000      496.77
00001  20181105  174925000  241.119817    0.000000   28.943567    0.000000     927.330000      496.77
00001  20181105  174926000  240.725315    0.000000   28.753592    0.000000     931.600000      496.77
00001  20181105  174927000  240.335870    0.000000   28.563793    0.000000     935.910000      496.78
00001  20181105  174928000  239.951420    0.000000   28.374210    0.000000     940.260000      496.78
00001  20181105  174929000  239.571904    0.000000   28.184883    0.000000     944.640000      496.78
00001  20181105  174930000  239.197261    0.000000   27.995849    0.000000     949.070000      496.79
00001  20181105  174931000  238.827427    0.000000   27.807143    0.000000     953.530000      496.79
00001  20181105  174932000  238.462342    0.000000   27.618802    0.000000     958.020000      496.79
00001  20181105  174933000  238.101943    0.000000   27.430856    0.000000     962.560000      496.80
00001  20181105  174934000  237.746168    0.000000   27.243338    0.000000     967.120000      496.80
00001  20181105  174935000  237.394956    0.000000   27.056277    0.000000     971.730000      496.80
00001  20181105  174936000  237.048245    0.000000   26.869702    0.000000     976.360000      496.81
00001  20181105  174937000  236.705973    0.000000   26.683640    0.000000     981.030000      496.81
00001  20181105  174938000  236.368081    0.000000   26.498118    0.000000     985.740000      496.81
00001  20181105  174939000  236.034507    0.000000   26.313159    0.000000     990.480000      496.82
00001  20181105  174940000  235.705192    0.000000   26.128787    0.000000     995.240000      496.82
00001  20181105  174941000  235.380074    0.000000   25.945024    0.000000    1000.050000      496.82
00001  20181105  174942000  235.059096    0.000000   25.761892    0.000000    1004.880000      496.83
00001  20181105  174943000  234.742197    0.000000   25.579409    0.000000    1009.740000      496.83
00001  20181105  174944000  234.429320    0.000000   25.397596    0.000000    1014.640000      496.83
00001  20181105  174945000  234.120407    0.000000   25.216468    0.000000    1019.560000      496.84
00001  20181105  174946000  233.815399    0.000000   25.036044    0.000000    1024.520000      496.84
00001  20181105  174947000  233.514241    0.000000   24.856338    0.000000    1029.500000      496.84
00001  20181105  174948000  233.216877    0.000000   24.677366    0.000000    1034.510000      496.85
00001  20181105  174949000  232.923249    0.000000   24.499142    0.000000    1039.550000      496.85
00001  20181105  174950000  232.633304    0.000000   24.321677    0.000000    1044.620000      496.85
00001  20181105  174951000  232.346987    0.000000   24.144985    0.000000    1049.710000      496.86
00001  20181105  174952000  232.064244    0.000000   23.969076    0.000000    1054.840000      496.86
00001  20181105  174953000  231.785022    0.000000   23.793960    0.000000    1059.990000      496.86
00001  20181105  174954000  231.509269    0.000000   23.619648    0.000000    1065.160000      496.87
00001  20181105  174955000  231.236932    0.000000   23.446149    0.000000    1070.360000      496.87
00001  20181105  174956000  230.967960    0.000000   23.273470    0.000000    1075.590000      496.87
00001  20181105  174957000  230.702304    0.000000   23.101618    0.000000    1080.840000      496.88
00001  20181105  174958000  230.439912    0.000000   22.930602    0.000000    1086.120000      496.88
00001  20181105  174959000  230.181288    0.000000   22.760747    0.000000    1091.410000      496.88
00001  20181105  175000000  229.925273    0.000000   22.591416    0.000000    1096.740000      496.89
00001  20181105  175001000  229.672378    0.000000   22.422937    0.000000    1102.090000      496.89
00001  20181105  175002000  229.422555    0.000000   22.255314    0.000000    1107.460000      496.89
00001  20181105  175003000  229.175758    0.000000   22.088551    0.000000    1112.860000      496.90
00001  20181105  175004000  228.931941    0.000000   21.922650    0.000000    1118.280000      496.90
00001  20181105  175005000  228.691059    0.000000   21.757616    0.000000    1123.720000      496.90
00001  20181105  175006000  228.453068    0.000000   21.593451    0.000000    1129.180000      496.91
00001  20181105  175007000  228.217923    0.000000   21.430155    0.000000    1134.670000      496.91
00001  20181105  175008000  227.985582    0.000000   21.267732    0.000000    1140.170000      496.91
00001  20181105  175009000  227.756002    0.000000   21.106181    0.000000    1145.700000      496.92
00001  20181105  175010000  227.529140    0.000000   20.945505    0.000000    1151.250000      496.92
00001  20181105  175011000  227.304957    0.000000   20.785702    0.000000    1156.820000      496.92
00001  20181105  175012000  227.083411    0.000000   20.626774    0.000000    1162.400000      496.93
00001  20181105  175013000  226.864463    0.000000   20.468719    0.000000    1168.010000      496.93
00001  20181105  175014000  226.648072    0.000000   20.311537    0.000000    1173.640000      496.93
00001  20181105  175015000  226.434201    0.000000   20.155227    0.000000    1179.290000      496.93
00001  20181105  175016000  226.222812    0.000000   19.999788    0.000000    1184.950000      496.94
00001  20181105  175017000  226.013866    0.000000   19.845218    0.000000    1190.640000      496.94
00001  20181105  175018000  225.807328    0.000000   19.691515    0.000000    1196.340000      496.94
00001  20181105  175019000  225.603160    0.000000   19.538677    0.000000    1202.060000      496.95
00001  20181105  175020000  225.401328    0.000000   19.386702    0.000000    1207.800000      496.95
00001  20181105  175021000  225.201796    0.000000   19.235587    0.000000    1213.560000      496.95
00001  20181105  175022000  225.004529    0.000000   19.085330    0.000000    1219.340000      496.96
00001  20181105  175023000  224.809494    0.000000   18.935927    0.000000    1225.130000      496.96
00001  20181105  175024000  224.616657    0.000000   18.787375    0.000000    1230.940000      496.96
00001  20181105  175025000  224.425986    0.000000   18.639671    0.000000    1236.760000      496.96
00001  20181105  175026000  224.237448    0.000000   18.492811    0.000000    1242.600000      496.97
00001  20181105  175027000  224.051012    0.000000   18.346792    0.000000    1248.460000      496.97
00001  20181105  175028000  223.866646    0.000000   18.201610    0.000000    1254.330000      496.97
00001  20181105  175029000  223.684319    0.000000   18.057260    0.000000    1260.220000      496.98
00001  20181105  175030000  223.504001    0.000000   17.913739    0.000000    1266.130000      496.98
00001  20181105  175031000  223.325664    0.000000   17.771041    0.000000    1272.050000      496.98
00001  20181105  175032000  223.149276    0.000000   17.629164    0.000000    1277.980000      496.99
00001  20181105  175033000  222.974811    0.000000   17.488102    0.000000    1283.930000      496.99
00001  20181105  175034000  222.802239    0.000000   17.347851    0.000000    1289.900000      496.99
00001  20181105  175035000  222.631533    0.000000   17.208406    0.000000    1295.880000      496.99
00001  20181105  175036000  222.462665    0.000000   17.069762    0.000000    1301.870000      497.00
00001  20181105  175037000  222.295609    0.000000   16.931914    0.000000    1307.880000      497.00
00001  20181105  175038000  222.130339    0.000000   16.794858    0.000000    1313.900000      497.00
00001  20181105  175039000  221.966828    0.000000   16.658588    0.000000    1319.930000      497.01
00001  20181105  175040000  221.805051    0.000000   16.523099    0.000000    1325.980000      497.01
00001  20181105  175041000  221.644983    0.000000   16.388387    0.000000    1332.040000      497.01
00001  20181105  175042000  221.486599    0.000000   16.254445    0.000000    1338.110000      497.01
00001  20181105  175043000  221.329875    0.000000   16.121268    0.000000    1344.200000      497.02
00001  20181105  175044000  221.174788    0.000000   15.988852    0.000000    1350.300000      497.02
00001  20181105  175045000  221.021313    0.000000   15.857191    0.000000    1356.410000      497.02
00001  20181105  175046000  220.869429    0.000000   15.726280    0.000000    1362.530000      497.03
00001  20181105  175047000  220.719111    0.000000   15.596112    0.000000    1368.670000      497.03
00001  20181105  175048000  220.570338    0.000000   15.466683    0.000000    1374.820000      497.03
00001  20181105  175049000  220.423089    0.000000   15.337988    0.000000    1380.980000      497.03
00001  20181105  175050000  220.277341    0.000000   15.210020    0.000000    1387.150000      497.04
00001  20181105  175051000  220.133073    0.000000   15.082774    0.000000    1393.330000      497.04
00001  20181105  175052000  219.990266    0.000000   14.956245    0.000000    1399.530000      497.04
00001  20181105  175053000  219.848897    0.000000   14.830427    0.000000    1405.730000      497.04
00001  20181105  175054000  219.708947    0.000000   14.705315    0.000000    1411.950000      497.05
00001  20181105  175055000  219.570397    0.000000   14.580902    0.000000    1418.180000      497.05
00001  20181105  175056000  219.433226    0.000000   14.457184    0.000000    1424.410000      497.05
00001  20181105  175057000  219.297417    0.000000   14.334155    0.000000    1430.660000      497.06
00001  20181105  175058000  219.162949    0.000000   14.211810    0.000000    1436.920000      497.06
00001  20181105  175059000  219.030102    0.000000   14.090375    0.000000    1443.180000      497.06
00001  20181105  175100000  218.898260    0.000000   13.969379    0.000000    1449.460000      497.06
00001  20181105  175101000  218.767706    0.000000   13.849049    0.000000    1455.750000      497.07
00001  20181105  175102000  218.638422    0.000000   13.729381    0.000000    1462.050000      497.07
00001  20181105  175103000  218.510391    0.000000   13.610368    0.000000    1468.350000      497.07
00001  20181105  175104000  218.383595    0.000000   13.492006    0.000000    1474.670000      497.07
00001  20181105  175105000  218.258018    0.000000   13.374289    0.000000    1481.000000      497.08
00001  20181105  175106000  218.133643    0.000000   13.257211    0.000000    1487.340000      497.08
00001  20181105  175107000  218.010455    0.000000   13.140767    0.000000    1493.680000      497.08
00001  20181105  175108000  217.888437    0.000000   13.024952    0.000000    1500.040000      497.08
00001  20181105  175109000  217.767573    0.000000   12.909760    0.000000    1506.400000      497.09
00001  20181105  175110000  217.647849    0.000000   12.795186    0.000000    1512.770000      497.09
00001  20181105  175111000  217.529249    0.000000   12.681224    0.000000    1519.160000      497.09
00001  20181105  175112000  217.411759    0.000000   12.567870    0.000000    1525.550000      497.09
00001  20181105  175113000  217.295362    0.000000   12.455117    0.000000    1531.940000      497.10
00001  20181105  175114000  217.180046    0.000000   12.342961    0.000000    1538.350000      497.10
00001  20181105  175115000  217.065796    0.000000   12.231397    0.000000    1544.770000      497.10
00001  20181105  175116000  216.952598    0.000000   12.120419    0.000000    1551.190000      497.10
00001  20181105  175117000  216.840439    0.000000   12.010022    0.000000    1557.620000      497.11
00001  20181105  175118000  216.729304    0.000000   11.900201    0.000000    1564.060000      497.11
00001  20181105  175119000  216.619180    0.000000   11.790951    0.000000    1570.510000      497.11
00001  20181105  175120000  216.510055    0.000000   11.682267    0.000000    1576.960000      497.11
00001  20181105  175121000  216.401915    0.000000   11.574144    0.000000    1583.420000      497.12
00001  20181105  175122000  216.294749    0.000000   11.466576    0.000000    1589.890000      497.12
00001  20181105  175123000  216.188542    0.000000   11.359560    0.000000    1596.370000      497.12
00001  20181105  175124000  216.083284    0.000000   11.253089    0.000000    1602.850000      497.12
00001  20181105  175125000  215.978961    0.000000   11.147160    0.000000    1609.350000      497.13
00001  20181105  175126000  215.875563    0.000000   11.041766    0.000000    1615.840000      497.13
00001  20181105  175127000  215.773077    0.000000   10.936904    0.000000    1622.350000      497.13
00001  20181105  175128000  215.671492    0.000000   10.832569    0.000000    1628.860000      497.13
00001  20181105  175129000  215.570797    0.000000   10.728756    0.000000    1635.380000      497.14
00001  20181105  175130000  215.470980    0.000000   10.625459    0.000000    1641.910000      497.14
00001  20181105  175131000  215.372030    0.000000   10.522676    0.000000    1648.440000      497.14
00001  20181105  175132000  215.273937    0.000000   10.420400    0.000000    1654.980000      497.14
00001  20181105  175133000  215.176690    0.000000   10.318627    0.000000    1661.530000      497.15
00001  20181105  175134000  215.080279    0.000000   10.217353    0.000000    1668.080000      497.15
00001  20181105  175135000  214.984693    0.000000   10.116573    0.000000    1674.640000      497.15
00001  20181105  175136000  214.889921    0.000000   10.016283    0.000000    1681.200000      497.15
00001  20181105  175137000  214.795955    0.000000    9.916479    0.000000    1687.770000      497.15
00001  20181105  175138000  214.702784    0.000000    9.817155    0.000000    1694.350000      497.16
00001  20181105  175139000  214.610398    0.000000    9.718307    0.000000    1700.930000      497.16
00001  20181105  175140000  214.518788    0.000000    9.619932    0.000000    1707.520000      497.16
00001  20181105  175141000  214.427945    0.000000    9.522025    0.000000    1714.110000      497.16
00001  20181105  175142000  214.337859    0.000000    9.424582    0.000000    1720.710000      497.17
00001  20181105  175143000  214.248521    0.000000    9.327598    0.000000    1727.320000      497.17
00001  20181105  175144000  214.159923    0.000000    9.231069    0.000000    1733.930000      497.17
00001  20181105  175145000  214.072054    0.000000    9.134991    0.000000    1740.550000      497.17
00001  20181105  175146000  213.984907    0.000000    9.039361    0.000000    1747.170000      497.18
00001  20181105  175147000  213.898473    0.000000    8.944173    0.000000    1753.800000      497.18
00001  20181105  175148000  213.812744    0.000000    8.849424    0.000000    1760.430000      497.18
00001  20181105  175149000  213.727711    0.000000    8.755110    0.000000    1767.070000      497.18
00001  20181105  175150000  213.643366    0.000000    8.661228    0.000000    1773.710000      497.18
00001  20181105  175151000  213.559701    0.000000    8.567772    0.000000    1780.360000      497.19
00001  20181105  175152000  213.476707    0.000000    8.474740    0.000000    1787.020000      497.19
00001  20181105  175153000  213.394378    0.000000    8.382127    0.000000    1793.680000      497.19
00001  20181105  175154000  213.312705    0.000000    8.289929    0.000000    1800.340000      497.19
00001  20181105  175155000  213.231681    0.000000    8.198144    0.000000    1807.010000      497.19
00001  20181105  175156000  213.151298    0.000000    8.106766    0.000000    1813.680000      497.20
00001  20181105  175157000  213.071550    0.000000    8.015793    0.000000    1820.360000      497.20
00001  20181105  175158000  212.992427    0.000000    7.925221    0.000000    1827.040000      497.20
00001  20181105  175159000  212.914107    0.000000    7.835220    0.000000    1833.720000      497.20
00001  20181105  175200000  212.836215    0.000000    7.745437    0.000000    1840.410000      497.21
00001  20181105  175201000  212.758928    0.000000    7.656045    0.000000    1847.110000      497.21
00001  20181105  175202000  212.682240    0.000000    7.567039    0.000000    1853.810000      497.21
00001  20181105  175203000  212.606144    0.000000    7.478416    0.000000    1860.510000      497.21
00001  20181105  175204000  212.530632    0.000000    7.390173    0.000000    1867.220000      497.21
00001  20181105  175205000  212.455699    0.000000    7.302305    0.000000    1873.940000      497.22
00001  20181105  175206000  212.381338    0.000000    7.214811    0.000000    1880.650000      497.22
00001  20181105  175207000  212.307542    0.000000    7.127686    0.000000    1887.380000      497.22
00001  20181105  175208000  212.234306    0.000000    7.040927    0.000000    1894.100000      497.22
00001  20181105  175209000  212.161622    0.000000    6.954530    0.000000    1900.830000      497.22
00001  20181105  175210000  212.089485    0.000000    6.868494    0.000000    1907.570000      497.23
00001  20181105  175211000  212.017890    0.000000    6.782813    0.000000    1914.310000      497.23
00001  20181105  175212000  211.946829    0.000000    6.697486    0.000000    1921.050000      497.23
00001  20181105  175213000  211.876297    0.000000    6.612509    0.000000    1927.790000      497.23
00001  20181105  175214000  211.806288    0.000000    6.527878    0.000000    1934.540000      497.23
00001  20181105  175215000  211.736796    0.000000    6.443592    0.000000    1941.300000      497.24
00001  20181105  175216000  211.667817    0.000000    6.359646    0.000000    1948.060000      497.24
00001  20181105  175217000  211.599344    0.000000    6.276038    0.000000    1954.820000      497.24
00001  20181105  175218000  211.531371    0.000000    6.192765    0.000000    1961.580000      497.24
00001  20181105  175219000  211.463894    0.000000    6.109823    0.000000    1968.350000      497.24
00001  20181105  175220000  211.396907    0.000000    6.027210    0.000000    1975.120000      497.24
00001  20181105  175221000  211.330405    0.000000    5.944923    0.000000    1981.900000      497.25
00001  20181105  175222000  211.264382    0.000000    5.862959    0.000000    1988.680000      497.25
00001  20181105  175223000  211.198834    0.000000    5.781316    0.000000    1995.460000      497.25
00001  20181105  175224000  211.133756    0.000000    5.699989    0.000000    2002.240000      497.25
00001  20181105  175225000  211.069142    0.000000    5.618977    0.000000    2009.030000      497.25
00001  20181105  175226000  211.004987    0.000000    5.538277    0.000000    2015.830000      497.26
00001  20181105  175227000  210.941287    0.000000    5.457887    0.000000    2022.620000      497.26
00001  20181105  175228000  210.878037    0.000000    5.377802    0.000000    2029.420000      497.26
00001  20181105  175229000  210.815233    0.000000    5.298021    0.000000    2036.220000      497.26
00001  20181105  175230000  210.752868    0.000000    5.218541    0.000000    2043.030000      497.26
00001  20181105  175231000  210.690940    0.000000    5.139360    0.000000    2049.830000      497.26
00001  20181105  175232000  210.629444    0.000000    5.060475    0.000000    2056.640000      497.27
