00001  20170216  173309000    7.677748    0.000000    5.051448    0.000000    2084.730000       99.40
00001  20170216  173310000    7.665313    0.000000    5.132572    0.000000    2077.650000       99.32
00001  20170216  173311000    7.652769    0.000000    5.213984    0.000000    2070.570000       99.24
00001  20170216  173312000    7.640082    0.000000    5.295780    0.000000    2063.490000       99.16
00001  20170216  173313000    7.627320    0.000000    5.377875    0.000000    2056.410000       99.08
00001  20170216  173314000    7.614414    0.000000    5.460352    0.000000    2049.330000       99.00
00001  20170216  173315000    7.601396    0.000000    5.543224    0.000000    2042.260000       98.92
00001  20170216  173316000    7.588298    0.000000    5.626393    0.000000    2035.180000       98.83
00001  20170216  173317000    7.575049    0.000000    5.709944    0.000000    2028.110000       98.75
00001  20170216  173318000    7.561680    0.000000    5.793780    0.000000    2021.040000       98.67
00001  20170216  173319000    7.548198    0.000000    5.878115    0.000000    2013.970000       98.59
00001  20170216  173320000    7.534591    0.000000    5.962734    0.000000    2006.900000       98.50
00001  20170216  173321000    7.520894    0.000000    6.047649    0.000000    1999.830000       98.42
00001  20170216  173322000    7.507041    0.000000    6.133049    0.000000    1992.760000       98.33
00001  20170216  173323000    7.493027    0.000000    6.218828    0.000000    1985.700000       98.25
00001  20170216  173324000    7.478952    0.000000    6.304912    0.000000    1978.630000       98.16
00001  20170216  173325000    7.464714    0.000000    6.391480    0.000000    1971.570000       98.08
00001  20170216  173326000    7.450376    0.000000    6.478341    0.000000    1964.510000       97.99
00001  20170216  173327000    7.435872    0.000000    6.565685    0.000000    1957.450000       97.91
00001  20170216  173328000    7.421262    0.000000    6.653320    0.000000    1950.390000       97.82
00001  20170216  173329000    7.406513    0.000000    6.741342    0.000000    1943.340000       97.73
00001  20170216  173330000    7.391625    0.000000    6.829856    0.000000    1936.280000       97.65
00001  20170216  173331000    7.376593    0.000000    6.918755    0.000000    1929.220000       97.56
00001  20170216  173332000    7.361416    0.000000    7.008144    0.000000    1922.170000       97.47
00001  20170216  173333000    7.346091    0.000000    7.097918    0.000000    1915.120000       97.38
00001  20170216  173334000    7.330647    0.000000    7.188085    0.000000    1908.070000       97.29
00001  20170216  173335000    7.315084    0.000000    7.278647    0.000000    1901.020000       97.20
00001  20170216  173336000    7.299331    0.000000    7.369685    0.000000    1893.970000       97.11
00001  20170216  173337000    7.283452    0.000000    7.461221    0.000000    1886.930000       97.02
00001  20170216  173338000    7.267412    0.000000    7.553137    0.000000    1879.880000       96.93
00001  20170216  173339000    7.251240    0.000000    7.645550    0.000000    1872.840000       96.84
00001  20170216  173340000    7.234899    0.000000    7.738342    0.000000    1865.800000       96.75
00001  20170216  173341000    7.218421    0.000000    7.831628    0.000000    1858.760000       96.66
00001  20170216  173342000    7.201769    0.000000    7.925397    0.000000    1851.720000       96.56
00001  20170216  173343000    7.184939    0.000000    8.019649    0.000000    1844.690000       96.47
00001  20170216  173344000    7.167995    0.000000    8.114298    0.000000    1837.650000       96.38
00001  20170216  173345000    7.150865    0.000000    8.209532    0.000000    1830.620000       96.28
00001  20170216  173346000    7.133581    0.000000    8.305152    0.000000    1823.590000       96.19
00001  20170216  173347000    7.116104    0.000000    8.401355    0.000000    1816.560000       96.09
00001  20170216  173348000    7.098498    0.000000    8.497952    0.000000    1809.540000       96.00
00001  20170216  173349000    7.080691    0.000000    8.595131    0.000000    1802.510000       95.90
00001  20170216  173350000    7.062713    0.000000    8.692795    0.000000    1795.490000       95.80
00001  20170216  173351000    7.044592    0.000000    8.790956    0.000000    1788.470000       95.71
00001  20170216  173352000    7.026258    0.000000    8.889695    0.000000    1781.450000       95.61
00001  20170216  173353000    7.007772    0.000000    8.988928    0.000000    1774.440000       95.51
00001  20170216  173354000    6.989098    0.000000    9.088642    0.000000    1767.420000       95.41
00001  20170216  173355000    6.970229    0.000000    9.188942    0.000000    1760.410000       95.31
00001  20170216  173356000    6.951194    0.000000    9.289732    0.000000    1753.400000       95.21
00001  20170216  173357000    6.931954    0.000000    9.391104    0.000000    1746.390000       95.11
00001  20170216  173358000    6.912535    0.000000    9.493069    0.000000    1739.390000       95.01
00001  20170216  173359000    6.892905    0.000000    9.595509    0.000000    1732.390000       94.91
00001  20170216  173400000    6.873085    0.000000    9.698538    0.000000    1725.390000       94.81
00001  20170216  173401000    6.853099    0.000000    9.802166    0.000000    1718.390000       94.71
00001  20170216  173402000    6.832848    0.000000    9.906463    0.000000    1711.400000       94.60
00001  20170216  173403000    6.812424    0.000000   10.011251    0.000000    1704.400000       94.50
00001  20170216  173404000    6.791816    0.000000   10.116633    0.000000    1697.410000       94.40
00001  20170216  173405000    6.770983    0.000000   10.222700    0.000000    1690.420000       94.29
00001  20170216  173406000    6.749925    0.000000   10.329347    0.000000    1683.440000       94.19
00001  20170216  173407000    6.728664    0.000000   10.436582    0.000000    1676.450000       94.08
00001  20170216  173408000    6.707193    0.000000   10.544403    0.000000    1669.470000       93.97
00001  20170216  173409000    6.685499    0.000000   10.652913    0.000000    1662.500000       93.87
00001  20170216  173410000    6.663574    0.000000   10.762109    0.000000    1655.520000       93.76
00001  20170216  173411000    6.641419    0.000000   10.871886    0.000000    1648.550000       93.65
00001  20170216  173412000    6.619045    0.000000   10.982356    0.000000    1641.580000       93.54
00001  20170216  173413000    6.596418    0.000000   11.093505    0.000000    1634.610000       93.43
00001  20170216  173414000    6.573556    0.000000   11.205342    0.000000    1627.650000       93.32
00001  20170216  173415000    6.550460    0.000000   11.317761    0.000000    1620.690000       93.21
00001  20170216  173416000    6.527130    0.000000   11.430977    0.000000    1613.730000       93.10
00001  20170216  173417000    6.503540    0.000000   11.544874    0.000000    1606.770000       92.98
00001  20170216  173418000    6.479743    0.000000   11.659364    0.000000    1599.820000       92.87
00001  20170216  173419000    6.455621    0.000000   11.774727    0.000000    1592.870000       92.76
00001  20170216  173420000    6.431299    0.000000   11.890688    0.000000    1585.930000       92.64
00001  20170216  173421000    6.406694    0.000000   12.007432    0.000000    1578.990000       92.53
00001  20170216  173422000    6.381821    0.000000   12.124966    0.000000    1572.050000       92.41
00001  20170216  173423000    6.356642    0.000000   12.243275    0.000000    1565.110000       92.29
00001  20170216  173424000    6.331235    0.000000   12.362284    0.000000    1558.180000       92.17
00001  20170216  173425000    6.305551    0.000000   12.482081    0.000000    1551.250000       92.06
00001  20170216  173426000    6.279614    0.000000   12.602571    0.000000    1544.330000       91.94
00001  20170216  173427000    6.253337    0.000000   12.723936    0.000000    1537.400000       91.82
00001  20170216  173428000    6.226755    0.000000   12.846190    0.000000    1530.490000       91.69
00001  20170216  173429000    6.199945    0.000000   12.969041    0.000000    1523.580000       91.57
00001  20170216  173430000    6.172827    0.000000   13.092784    0.000000    1516.670000       91.45
00001  20170216  173431000    6.145384    0.000000   13.217412    0.000000    1509.760000       91.33
00001  20170216  173432000    6.117626    0.000000   13.342932    0.000000    1502.860000       91.20
00001  20170216  173433000    6.089534    0.000000   13.469338    0.000000    1495.960000       91.08
00001  20170216  173434000    6.061156    0.000000   13.596542    0.000000    1489.060000       90.95
00001  20170216  173435000    6.032435    0.000000   13.724630    0.000000    1482.170000       90.82
00001  20170216  173436000    6.003398    0.000000   13.853617    0.000000    1475.290000       90.70
00001  20170216  173437000    5.974049    0.000000   13.983505    0.000000    1468.400000       90.57
00001  20170216  173438000    5.944345    0.000000   14.114280    0.000000    1461.530000       90.44
00001  20170216  173439000    5.914333    0.000000   14.245962    0.000000    1454.650000       90.31
00001  20170216  173440000    5.883929    0.000000   14.378627    0.000000    1447.780000       90.18
00001  20170216  173441000    5.853176    0.000000   14.512296    0.000000    1440.920000       90.04
00001  20170216  173442000    5.822067    0.000000   14.646860    0.000000    1434.060000       89.91
00001  20170216  173443000    5.790583    0.000000   14.782422    0.000000    1427.200000       89.77
00001  20170216  173444000    5.758737    0.000000   14.918991    0.000000    1420.350000       89.64
00001  20170216  173445000    5.726504    0.000000   15.056558    0.000000    1413.500000       89.50
00001  20170216  173446000    5.693896    0.000000   15.195132    0.000000    1406.660000       89.37
00001  20170216  173447000    5.660861    0.000000   15.334805    0.000000    1399.830000       89.23
00001  20170216  173448000    5.627452    0.000000   15.475491    0.000000    1392.990000       89.09
00001  20170216  173449000    5.593675    0.000000   15.617197    0.000000    1386.170000       88.95
00001  20170216  173450000    5.559452    0.000000   15.760004    0.000000    1379.350000       88.81
00001  20170216  173451000    5.524806    0.000000   15.903926    0.000000    1372.530000       88.66
00001  20170216  173452000    5.489737    0.000000   16.048967    0.000000    1365.720000       88.52
00001  20170216  173453000    5.454267    0.000000   16.195031    0.000000    1358.920000       88.37
00001  20170216  173454000    5.418324    0.000000   16.342311    0.000000    1352.120000       88.23
00001  20170216  173455000    5.381942    0.000000   16.490718    0.000000    1345.320000       88.08
00001  20170216  173456000    5.345086    0.000000   16.640353    0.000000    1338.530000       87.93
00001  20170216  173457000    5.307803    0.000000   16.791132    0.000000    1331.750000       87.78
00001  20170216  173458000    5.270012    0.000000   16.943136    0.000000    1324.970000       87.63
00001  20170216  173459000    5.231786    0.000000   17.096183    0.000000    1318.210000       87.48
00001  20170216  173500000    5.193021    0.000000   17.250676    0.000000    1311.450000       87.33
00001  20170216  173501000    5.153807    0.000000   17.406334    0.000000    1304.690000       87.17
00001  20170216  173502000    5.114051    0.000000   17.563342    0.000000    1297.940000       87.01
00001  20170216  173503000    5.073777    0.000000   17.721612    0.000000    1291.190000       86.86
00001  20170216  173504000    5.032962    0.000000   17.881252    0.000000    1284.450000       86.70
00001  20170216  173505000    4.991633    0.000000   18.042177    0.000000    1277.720000       86.54
00001  20170216  173506000    4.949737    0.000000   18.204483    0.000000    1270.990000       86.38
00001  20170216  173507000    4.907337    0.000000   18.368103    0.000000    1264.270000       86.22
00001  20170216  173508000    4.864346    0.000000   18.533120    0.000000    1257.560000       86.05
00001  20170216  173509000    4.820729    0.000000   18.699645    0.000000    1250.860000       85.89
00001  20170216  173510000    4.776573    0.000000   18.867513    0.000000    1244.160000       85.72
00001  20170216  173511000    4.731837    0.000000   19.036834    0.000000    1237.470000       85.55
00001  20170216  173512000    4.686436    0.000000   19.207699    0.000000    1230.790000       85.38
00001  20170216  173513000    4.640471    0.000000   19.379953    0.000000    1224.110000       85.21
00001  20170216  173514000    4.593781    0.000000   19.553881    0.000000    1217.450000       85.04
00001  20170216  173515000    4.546517    0.000000   19.729246    0.000000    1210.790000       84.86
00001  20170216  173516000    4.498605    0.000000   19.906151    0.000000    1204.140000       84.69
00001  20170216  173517000    4.449975    0.000000   20.084707    0.000000    1197.490000       84.51
00001  20170216  173518000    4.400611    0.000000   20.264944    0.000000    1190.860000       84.33
00001  20170216  173519000    4.350614    0.000000   20.446725    0.000000    1184.230000       84.15
00001  20170216  173520000    4.299913    0.000000   20.630174    0.000000    1177.620000       83.97
00001  20170216  173521000    4.248465    0.000000   20.815317    0.000000    1171.010000       83.78
00001  20170216  173522000    4.196249    0.000000   21.002201    0.000000    1164.410000       83.60
00001  20170216  173523000    4.143240    0.000000   21.190876    0.000000    1157.820000       83.41
00001  20170216  173524000    4.089521    0.000000   21.381231    0.000000    1151.240000       83.22
00001  20170216  173525000    4.034982    0.000000   21.573403    0.000000    1144.670000       83.03
00001  20170216  173526000    3.979587    0.000000   21.767468    0.000000    1138.100000       82.83
00001  20170216  173527000    3.923466    0.000000   21.963257    0.000000    1131.550000       82.64
00001  20170216  173528000    3.866430    0.000000   22.161025    0.000000    1125.010000       82.44
00001  20170216  173529000    3.808569    0.000000   22.360485    0.000000    1118.480000       82.24
00001  20170216  173530000    3.749761    0.000000   22.562110    0.000000    1111.960000       82.04
00001  20170216  173531000    3.690097    0.000000   22.765670    0.000000    1105.450000       81.84
00001  20170216  173532000    3.629498    0.000000   22.971230    0.000000    1098.950000       81.63
00001  20170216  173533000    3.567960    0.000000   23.178826    0.000000    1092.460000       81.43
00001  20170216  173534000    3.505430    0.000000   23.388511    0.000000    1085.980000       81.22
00001  20170216  173535000    3.441894    0.000000   23.600305    0.000000    1079.510000       81.01
00001  20170216  173536000    3.377377    0.000000   23.814212    0.000000    1073.060000       80.79
00001  20170216  173537000    3.311827    0.000000   24.030280    0.000000    1066.620000       80.58
00001  20170216  173538000    3.245203    0.000000   24.248561    0.000000    1060.180000       80.36
00001  20170216  173539000    3.177521    0.000000   24.469052    0.000000    1053.760000       80.14
00001  20170216  173540000    3.108766    0.000000   24.691799    0.000000    1047.360000       79.92
00001  20170216  173541000    3.038827    0.000000   24.916885    0.000000    1040.960000       79.70
00001  20170216  173542000    2.967743    0.000000   25.144302    0.000000    1034.580000       79.47
00001  20170216  173543000    2.895375    0.000000   25.374149    0.000000    1028.210000       79.24
00001  20170216  173544000    2.821918    0.000000   25.606348    0.000000    1021.860000       79.01
00001  20170216  173545000    2.747173    0.000000   25.841028    0.000000    1015.520000       78.77
00001  20170216  173546000    2.671072    0.000000   26.078221    0.000000    1009.190000       78.54
00001  20170216  173547000    2.593819    0.000000   26.317918    0.000000    1002.880000       78.30
00001  20170216  173548000    2.515107    0.000000   26.560217    0.000000     996.580000       78.06
00001  20170216  173549000    2.434981    0.000000   26.805131    0.000000     990.300000       77.81
00001  20170216  173550000    2.353467    0.000000   27.052697    0.000000     984.030000       77.56
00001  20170216  173551000    2.270627    0.000000   27.302995    0.000000     977.780000       77.31
00001  20170216  173552000    2.186096    0.000000   27.555985    0.000000     971.540000       77.06
00001  20170216  173553000    2.100151    0.000000   27.811798    0.000000     965.320000       76.81
00001  20170216  173554000    2.012643    0.000000   28.070456    0.000000     959.110000       76.55
00001  20170216  173555000    1.923557    0.000000   28.332028    0.000000     952.920000       76.29
00001  20170216  173556000    1.832713    0.000000   28.596435    0.000000     946.750000       76.02
00001  20170216  173557000    1.740279    0.000000   28.863930    0.000000     940.600000       75.75
00001  20170216  173558000    1.646000    0.000000   29.134327    0.000000     934.460000       75.48
00001  20170216  173559000    1.550057    0.000000   29.407594    0.000000     928.350000       75.21
00001  20170216  173600000    1.452163    0.000000   29.684187    0.000000     922.250000       74.93
00001  20170216  173601000    1.352423    0.000000   29.964049    0.000000     916.170000       74.65
00001  20170216  173602000    1.250709    0.000000   30.247076    0.000000     910.110000       74.37
00001  20170216  173603000    1.146985    0.000000   30.533346    0.000000     904.070000       74.08
00001  20170216  173604000    1.041207    0.000000   30.822986    0.000000     898.040000       73.79
00001  20170216  173605000    0.933287    0.000000   31.115919    0.000000     892.040000       73.50
00001  20170216  173606000    0.823208    0.000000   31.412392    0.000000     886.060000       73.20
00001  20170216  173607000    0.710862    0.000000   31.712223    0.000000     880.100000       72.90
00001  20170216  173608000    0.596193    0.000000   32.015618    0.000000     874.160000       72.60
00001  20170216  173609000    0.479154    0.000000   32.322692    0.000000     868.250000       72.29
00001  20170216  173610000    0.359628    0.000000   32.633293    0.000000     862.360000       71.98
00001  20170216  173611000    0.237585    0.000000   32.947604    0.000000     856.490000       71.67
00001  20170216  173612000    0.112910    0.000000   33.265767    0.000000     850.640000       71.35
00001  20170216  173613000  359.985543    0.000000   33.587582    0.000000     844.820000       71.02
00001  20170216  173614000  359.855397    0.000000   33.913417    0.000000     839.020000       70.70
00001  20170216  173615000  359.722359    0.000000   34.243113    0.000000     833.250000       70.37
00001  20170216  173616000  359.586373    0.000000   34.576789    0.000000     827.500000       70.03
00001  20170216  173617000  359.447308    0.000000   34.914446    0.000000     821.780000       69.69
00001  20170216  173618000  359.305076    0.000000   35.256268    0.000000     816.080000       69.35
00001  20170216  173619000  359.159579    0.000000   35.602226    0.000000     810.420000       69.00
00001  20170216  173620000  359.010684    0.000000   35.952378    0.000000     804.780000       68.65
00001  20170216  173621000  358.858284    0.000000   36.306874    0.000000     799.170000       68.29
00001  20170216  173622000  358.702278    0.000000   36.665656    0.000000     793.590000       67.93
00001  20170216  173623000  358.542544    0.000000   37.028757    0.000000     788.030000       67.57
00001  20170216  173624000  358.378897    0.000000   37.396399    0.000000     782.510000       67.19
00001  20170216  173625000  358.211224    0.000000   37.768504    0.000000     777.020000       66.82
00001  20170216  173626000  358.039422    0.000000   38.145190    0.000000     771.560000       66.44
00001  20170216  173627000  357.863276    0.000000   38.526461    0.000000     766.140000       66.06
00001  20170216  173628000  357.682652    0.000000   38.912426    0.000000     760.740000       65.67
00001  20170216  173629000  357.497395    0.000000   39.303186    0.000000     755.380000       65.27
00001  20170216  173630000  357.307327    0.000000   39.698638    0.000000     750.060000       64.87
00001  20170216  173631000  357.112240    0.000000   40.098974    0.000000     744.770000       64.47
00001  20170216  173632000  356.911966    0.000000   40.504186    0.000000     739.520000       64.06
00001  20170216  173633000  356.706333    0.000000   40.914265    0.000000     734.300000       63.65
00001  20170216  173634000  356.495044    0.000000   41.329384    0.000000     729.120000       63.23
00001  20170216  173635000  356.277925    0.000000   41.749633    0.000000     723.980000       62.80
00001  20170216  173636000  356.054725    0.000000   42.174882    0.000000     718.880000       62.37
00001  20170216  173637000  355.825204    0.000000   42.605207    0.000000     713.820000       61.93
00001  20170216  173638000  355.589098    0.000000   43.040784    0.000000     708.800000       61.49
00001  20170216  173639000  355.346169    0.000000   43.481483    0.000000     703.820000       61.05
00001  20170216  173640000  355.096047    0.000000   43.927456    0.000000     698.880000       60.59
00001  20170216  173641000  354.838477    0.000000   44.378674    0.000000     693.990000       60.14
00001  20170216  173642000  354.573101    0.000000   44.835292    0.000000     689.140000       59.67
00001  20170216  173643000  354.299633    0.000000   45.297066    0.000000     684.340000       59.20
00001  20170216  173644000  354.017616    0.000000   45.764341    0.000000     679.580000       58.73
00001  20170216  173645000  353.726745    0.000000   46.236869    0.000000     674.880000       58.24
00001  20170216  173646000  353.426660    0.000000   46.714702    0.000000     670.220000       57.76
00001  20170216  173647000  353.116777    0.000000   47.197953    0.000000     665.610000       57.26
00001  20170216  173648000  352.796699    0.000000   47.686565    0.000000     661.050000       56.76
00001  20170216  173649000  352.466056    0.000000   48.180487    0.000000     656.540000       56.26
00001  20170216  173650000  352.124130    0.000000   48.679807    0.000000     652.080000       55.75
00001  20170216  173651000  351.770515    0.000000   49.184364    0.000000     647.680000       55.23
00001  20170216  173652000  351.404615    0.000000   49.694168    0.000000     643.340000       54.71
00001  20170216  173653000  351.025788    0.000000   50.209222    0.000000     639.050000       54.18
00001  20170216  173654000  350.633330    0.000000   50.729409    0.000000     634.810000       53.64
00001  20170216  173655000  350.226673    0.000000   51.254648    0.000000     630.640000       53.10
00001  20170216  173656000  349.804953    0.000000   51.784896    0.000000     626.520000       52.55
00001  20170216  173657000  349.367437    0.000000   52.320146    0.000000     622.470000       52.00
00001  20170216  173658000  348.913180    0.000000   52.860129    0.000000     618.480000       51.44
00001  20170216  173659000  348.442233    0.000000   53.403739    0.000000     614.560000       50.87
00001  20170216  173700000  347.951868    0.000000   53.952979    0.000000     610.690000       50.30
00001  20170216  173701000  347.441961    0.000000   54.506604    0.000000     606.890000       49.72
00001  20170216  173702000  346.911348    0.000000   55.064413    0.000000     603.160000       49.14
00001  20170216  173703000  346.358853    0.000000   55.626210    0.000000     599.490000       48.55
00001  20170216  173704000  345.783218    0.000000   56.191891    0.000000     595.900000       47.95
00001  20170216  173705000  345.183144    0.000000   56.761021    0.000000     592.380000       47.35
00001  20170216  173706000  344.557084    0.000000   57.333433    0.000000     588.920000       46.74
00001  20170216  173707000  343.903538    0.000000   57.908872    0.000000     585.540000       46.13
00001  20170216  173708000  343.220787    0.000000   58.486923    0.000000     582.240000       45.51
00001  20170216  173709000  342.507083    0.000000   59.067278    0.000000     579.010000       44.89
00001  20170216  173710000  341.760639    0.000000   59.649517    0.000000     575.860000       44.27
00001  20170216  173711000  340.979123    0.000000   60.233191    0.000000     572.780000       43.63
00001  20170216  173712000  340.160648    0.000000   60.817753    0.000000     569.790000       43.00
00001  20170216  173713000  339.302656    0.000000   61.402822    0.000000     566.870000       42.36
00001  20170216  173714000  338.402722    0.000000   61.987713    0.000000     564.040000       41.71
00001  20170216  173715000  337.458365    0.000000   62.571851    0.000000     561.290000       41.06
00001  20170216  173716000  336.466466    0.000000   63.154474    0.000000     558.630000       40.41
00001  20170216  173717000  335.424161    0.000000   63.734903    0.000000     556.050000       39.75
00001  20170216  173718000  334.328160    0.000000   64.312329    0.000000     553.560000       39.09
00001  20170216  173719000  333.175227    0.000000   64.885834    0.000000     551.160000       38.43
00001  20170216  173720000  331.961680    0.000000   65.454474    0.000000     548.840000       37.77
00001  20170216  173721000  330.683921    0.000000   66.017188    0.000000     546.620000       37.10
00001  20170216  173722000  329.338066    0.000000   66.572796    0.000000     544.490000       36.44
00001  20170216  173723000  327.920059    0.000000   67.120148    0.000000     542.450000       35.77
00001  20170216  173724000  326.425943    0.000000   67.657809    0.000000     540.500000       35.10
00001  20170216  173725000  324.851825    0.000000   68.184419    0.000000     538.650000       34.43
00001  20170216  173726000  323.193216    0.000000   68.698439    0.000000     536.900000       33.76
00001  20170216  173727000  321.446305    0.000000   69.198306    0.000000     535.240000       33.09
00001  20170216  173728000  319.607858    0.000000   69.682053    0.000000     533.680000       32.43
00001  20170216  173729000  317.674073    0.000000   70.147997    0.000000     532.220000       31.77
00001  20170216  173730000  315.642122    0.000000   70.594102    0.000000     530.850000       31.11
00001  20170216  173731000  313.510142    0.000000   71.018371    0.000000     529.590000       30.45
00001  20170216  173732000  311.276753    0.000000   71.418549    0.000000     528.430000       29.80
00001  20170216  173733000  308.941802    0.000000   71.792574    0.000000     527.370000       29.15
00001  20170216  173734000  306.506731    0.000000   72.138127    0.000000     526.410000       28.51
00001  20170216  173735000  303.974093    0.000000   72.453062    0.000000     525.550000       27.88
00001  20170216  173736000  301.348535    0.000000   72.735308    0.000000     524.800000       27.25
00001  20170216  173737000  298.636247    0.000000   72.982663    0.000000     524.150000       26.64
00001  20170216  173738000  295.845941    0.000000   73.193185    0.000000     523.600000       26.03
00001  20170216  173739000  292.988035    0.000000   73.365258    0.000000     523.160000       25.44
00001  20170216  173740000  290.074193    0.000000   73.497287    0.000000     522.820000       24.86
00001  20170216  173741000  287.118635    0.000000   73.588260    0.000000     522.590000       24.29
00001  20170216  173742000  284.136627    0.000000   73.637186    0.000000     522.460000       23.74
00001  20170216  173743000  281.144062    0.000000   73.643634    0.000000     522.440000       23.20
00001  20170216  173744000  278.156802    0.000000   73.607651    0.000000     522.520000       22.68
00001  20170216  173745000  275.191221    0.000000   73.529398    0.000000     522.710000       22.18
00001  20170216  173746000  272.262630    0.000000   73.409775    0.000000     523.000000       21.71
00001  20170216  173747000  269.385606    0.000000   73.249694    0.000000     523.390000       21.25
00001  20170216  173748000  266.572776    0.000000   73.050642    0.000000     523.890000       20.82
00001  20170216  173749000  263.835004    0.000000   72.814281    0.000000     524.500000       20.41
00001  20170216  173750000  261.181404    0.000000   72.542310    0.000000     525.210000       20.03
00001  20170216  173751000  258.618820    0.000000   72.236942    0.000000     526.020000       19.68
00001  20170216  173752000  256.152720    0.000000   71.900271    0.000000     526.930000       19.36
00001  20170216  173753000  253.785807    0.000000   71.534434    0.000000     527.950000       19.06
00001  20170216  173754000  251.520500    0.000000   71.141651    0.000000     529.060000       18.80
00001  20170216  173755000  249.356432    0.000000   70.724140    0.000000     530.280000       18.58
00001  20170216  173756000  247.293285    0.000000   70.284161    0.000000     531.600000       18.38
00001  20170216  173757000  245.328619    0.000000   69.823593    0.000000     533.020000       18.22
00001  20170216  173758000  243.460418    0.000000   69.344562    0.000000     534.540000       18.10
00001  20170216  173759000  241.688572    0.000000   68.849899    0.000000     536.150000       18.01
00001  20170216  173800000  240.002315    0.000000   68.339403    0.000000     537.860000       17.96
00001  20170216  173801000  238.401608    0.000000   67.815908    0.000000     539.670000       17.94
00001  20170216  173802000  236.882470    0.000000   67.280771    0.000000     541.570000       17.95
00001  20170216  173803000  235.440829    0.000000   66.735599    0.000000     543.570000       18.00
00001  20170216  173804000  234.072403    0.000000   66.181696    0.000000     545.660000       18.08
00001  20170216  173805000  232.773369    0.000000   65.620264    0.000000     547.850000       18.19
00001  20170216  173806000  231.539698    0.000000   65.052563    0.000000     550.120000       18.33
00001  20170216  173807000  230.368001    0.000000   64.479701    0.000000     552.480000       18.50
00001  20170216  173808000  229.254081    0.000000   63.902562    0.000000     554.930000       18.69
00001  20170216  173809000  228.194917    0.000000   63.322106    0.000000     557.470000       18.91
00001  20170216  173810000  227.187192    0.000000   62.739153    0.000000     560.100000       19.16
00001  20170216  173811000  226.227931    0.000000   62.154538    0.000000     562.810000       19.42
00001  20170216  173812000  225.314068    0.000000   61.568888    0.000000     565.610000       19.71
00001  20170216  173813000  224.442877    0.000000   60.982852    0.000000     568.480000       20.01
00001  20170216  173814000  223.611938    0.000000   60.397111    0.000000     571.440000       20.34
00001  20170216  173815000  222.819024    0.000000   59.812165    0.000000     574.480000       20.67
00001  20170216  173816000  222.061363    0.000000   59.228501    0.000000     577.600000       21.02
00001  20170216  173817000  221.337337    0.000000   58.646561    0.000000     580.800000       21.39
00001  20170216  173818000  220.644764    0.000000   58.066779    0.000000     584.070000       21.76
00001  20170216  173819000  219.981921    0.000000   57.489439    0.000000     587.410000       22.15
00001  20170216  173820000  219.347116    0.000000   56.915075    0.000000     590.830000       22.54
00001  20170216  173821000  218.738766    0.000000   56.343840    0.000000     594.330000       22.94
00001  20170216  173822000  218.155309    0.000000   55.776140    0.000000     597.890000       23.35
00001  20170216  173823000  217.595388    0.000000   55.212080    0.000000     601.530000       23.77
00001  20170216  173824000  217.057792    0.000000   54.651970    0.000000     605.230000       24.19
00001  20170216  173825000  216.541301    0.000000   54.096022    0.000000     609.000000       24.61
00001  20170216  173826000  216.044550    0.000000   53.544395    0.000000     612.830000       25.04
00001  20170216  173827000  215.566863    0.000000   52.997247    0.000000     616.740000       25.46
00001  20170216  173828000  215.106974    0.000000   52.454848    0.000000     620.700000       25.89
00001  20170216  173829000  214.663943    0.000000   51.917126    0.000000     624.730000       26.33
00001  20170216  173830000  214.237007    0.000000   51.384308    0.000000     628.820000       26.76
00001  20170216  173831000  213.825512    0.000000   50.856475    0.000000     632.970000       27.19
00001  20170216  173832000  213.428366    0.000000   50.333761    0.000000     637.170000       27.63
00001  20170216  173833000  213.045076    0.000000   49.816092    0.000000     641.440000       28.06
00001  20170216  173834000  212.674812    0.000000   49.303757    0.000000     645.760000       28.49
00001  20170216  173835000  212.317223    0.000000   48.796533    0.000000     650.140000       28.92
00001  20170216  173836000  211.971428    0.000000   48.294743    0.000000     654.570000       29.35
00001  20170216  173837000  211.636824    0.000000   47.798157    0.000000     659.050000       29.78
00001  20170216  173838000  211.313197    0.000000   47.306982    0.000000     663.590000       30.20
00001  20170216  173839000  210.999948    0.000000   46.821115    0.000000     668.180000       30.63
00001  20170216  173840000  210.696524    0.000000   46.340670    0.000000     672.820000       31.05
00001  20170216  173841000  210.402396    0.000000   45.865532    0.000000     677.500000       31.46
00001  20170216  173842000  210.117383    0.000000   45.395803    0.000000     682.240000       31.88
00001  20170216  173843000  209.840880    0.000000   44.931404    0.000000     687.020000       32.29
00001  20170216  173844000  209.572685    0.000000   44.472343    0.000000     691.850000       32.70
00001  20170216  173845000  209.312306    0.000000   44.018620    0.000000     696.720000       33.11
00001  20170216  173846000  209.059635    0.000000   43.570105    0.000000     701.640000       33.51
00001  20170216  173847000  208.814043    0.000000   43.126969    0.000000     706.600000       33.91
00001  20170216  173848000  208.575514    0.000000   42.688943    0.000000     711.600000       34.31
00001  20170216  173849000  208.343573    0.000000   42.256147    0.000000     716.640000       34.70
00001  20170216  173850000  208.118057    0.000000   41.828485    0.000000     721.730000       35.09
00001  20170216  173851000  207.898697    0.000000   41.405897    0.000000     726.850000       35.47
00001  20170216  173852000  207.685182    0.000000   40.988456    0.000000     732.020000       35.85
00001  20170216  173853000  207.477441    0.000000   40.575926    0.000000     737.220000       36.23
00001  20170216  173854000  207.275130    0.000000   40.168506    0.000000     742.450000       36.61
00001  20170216  173855000  207.078029    0.000000   39.765908    0.000000     747.730000       36.98
00001  20170216  173856000  206.885985    0.000000   39.368157    0.000000     753.040000       37.35
00001  20170216  173857000  206.698853    0.000000   38.975272    0.000000     758.380000       37.71
00001  20170216  173858000  206.516386    0.000000   38.587093    0.000000     763.760000       38.07
00001  20170216  173859000  206.338888    0.000000   38.204365    0.000000     769.160000       38.42
00001  20170216  173900000  206.165317    0.000000   37.825565    0.000000     774.610000       38.78
00001  20170216  173901000  205.995942    0.000000   37.451344    0.000000     780.090000       39.12
00001  20170216  173902000  205.830601    0.000000   37.081626    0.000000     785.590000       39.47
00001  20170216  173903000  205.669193    0.000000   36.716426    0.000000     791.130000       39.81
00001  20170216  173904000  205.511519    0.000000   36.355576    0.000000     796.700000       40.15
00001  20170216  173905000  205.357540    0.000000   35.999181    0.000000     802.300000       40.48
00001  20170216  173906000  205.207120    0.000000   35.646940    0.000000     807.930000       40.81
00001  20170216  173907000  205.060175    0.000000   35.299087    0.000000     813.580000       41.14
00001  20170216  173908000  204.916376    0.000000   34.955396    0.000000     819.260000       41.46
00001  20170216  173909000  204.775855    0.000000   34.615803    0.000000     824.970000       41.78
00001  20170216  173910000  204.638493    0.000000   34.280224    0.000000     830.710000       42.10
00001  20170216  173911000  204.503975    0.000000   33.948654    0.000000     836.470000       42.41
00001  20170216  173912000  204.372489    0.000000   33.621118    0.000000     842.260000       42.72
00001  20170216  173913000  204.243730    0.000000   33.297386    0.000000     848.070000       43.03
00001  20170216  173914000  204.117695    0.000000   32.977557    0.000000     853.910000       43.33
00001  20170216  173915000  203.994378    0.000000   32.661511    0.000000     859.770000       43.63
00001  20170216  173916000  203.873586    0.000000   32.349199    0.000000     865.650000       43.93
00001  20170216  173917000  203.755225    0.000000   32.040537    0.000000     871.560000       44.22
00001  20170216  173918000  203.639298    0.000000   31.735401    0.000000     877.490000       44.51
00001  20170216  173919000  203.525717    0.000000   31.433926    0.000000     883.440000       44.80
00001  20170216  173920000  203.414346    0.000000   31.135934    0.000000     889.410000       45.08
00001  20170216  173921000  203.305244    0.000000   30.841393    0.000000     895.400000       45.36
00001  20170216  173922000  203.198326    0.000000   30.550218    0.000000     901.420000       45.64
00001  20170216  173923000  203.093327    0.000000   30.262390    0.000000     907.450000       45.91
00001  20170216  173924000  202.990493    0.000000   29.977810    0.000000     913.500000       46.18
00001  20170216  173925000  202.889516    0.000000   29.696586    0.000000     919.580000       46.45
00001  20170216  173926000  202.790551    0.000000   29.418433    0.000000     925.670000       46.72
00001  20170216  173927000  202.693341    0.000000   29.143551    0.000000     931.780000       46.98
00001  20170216  173928000  202.597953    0.000000   28.871691    0.000000     937.910000       47.24
00001  20170216  173929000  202.504361    0.000000   28.602855    0.000000     944.060000       47.50
00001  20170216  173930000  202.412451    0.000000   28.337081    0.000000     950.220000       47.75
00001  20170216  173931000  202.322200    0.000000   28.074154    0.000000     956.400000       48.01
00001  20170216  173932000  202.233632    0.000000   27.814168    0.000000     962.600000       48.25
00001  20170216  173933000  202.146592    0.000000   27.557067    0.000000     968.810000       48.50
00001  20170216  173934000  202.061063    0.000000   27.302855    0.000000     975.040000       48.75
00001  20170216  173935000  201.977111    0.000000   27.051281    0.000000     981.290000       48.99
00001  20170216  173936000  201.894458    0.000000   26.802449    0.000000     987.550000       49.23
00001  20170216  173937000  201.813393    0.000000   26.556351    0.000000     993.830000       49.46
00001  20170216  173938000  201.733637    0.000000   26.312873    0.000000    1000.120000       49.70
00001  20170216  173939000  201.655262    0.000000   26.071984    0.000000    1006.430000       49.93
00001  20170216  173940000  201.578125    0.000000   25.833625    0.000000    1012.750000       50.16
00001  20170216  173941000  201.502298    0.000000   25.597765    0.000000    1019.090000       50.38
00001  20170216  173942000  201.427766    0.000000   25.364406    0.000000    1025.440000       50.61
00001  20170216  173943000  201.354518    0.000000   25.133549    0.000000    1031.800000       50.83
00001  20170216  173944000  201.282371    0.000000   24.905043    0.000000    1038.180000       51.05
00001  20170216  173945000  201.211397    0.000000   24.678858    0.000000    1044.570000       51.27
00001  20170216  173946000  201.141586    0.000000   24.454995    0.000000    1050.970000       51.49
00001  20170216  173947000  201.072845    0.000000   24.233486    0.000000    1057.380000       51.70
00001  20170216  173948000  201.005287    0.000000   24.014176    0.000000    1063.810000       51.91
00001  20170216  173949000  200.938736    0.000000   23.797131    0.000000    1070.250000       52.12
00001  20170216  173950000  200.873143    0.000000   23.582259    0.000000    1076.700000       52.33
00001  20170216  173951000  200.808662    0.000000   23.369496    0.000000    1083.160000       52.53
00001  20170216  173952000  200.745079    0.000000   23.158817    0.000000    1089.640000       52.74
00001  20170216  173953000  200.682592    0.000000   22.950248    0.000000    1096.120000       52.94
00001  20170216  173954000  200.620989    0.000000   22.743763    0.000000    1102.620000       53.14
00001  20170216  173955000  200.560221    0.000000   22.539270    0.000000    1109.130000       53.34
00001  20170216  173956000  200.500485    0.000000   22.336799    0.000000    1115.650000       53.53
00001  20170216  173957000  200.441608    0.000000   22.136197    0.000000    1122.170000       53.73
00001  20170216  173958000  200.383548    0.000000   21.937587    0.000000    1128.710000       53.92
00001  20170216  173959000  200.326549    0.000000   21.741308    0.000000    1135.250000       54.11
00001  20170216  174000000  200.270180    0.000000   21.546440    0.000000    1141.810000       54.30
00001  20170216  174001000  200.214650    0.000000   21.353442    0.000000    1148.380000       54.48
00001  20170216  174002000  200.159910    0.000000   21.162224    0.000000    1154.950000       54.67
00001  20170216  174003000  200.105914    0.000000   20.972693    0.000000    1161.540000       54.85
00001  20170216  174004000  200.052665    0.000000   20.785064    0.000000    1168.140000       55.03
00001  20170216  174005000  200.000228    0.000000   20.599093    0.000000    1174.740000       55.21
00001  20170216  174006000  199.948521    0.000000   20.414810    0.000000    1181.360000       55.39
00001  20170216  174007000  199.897508    0.000000   20.232337    0.000000    1187.980000       55.57
00001  20170216  174008000  199.847135    0.000000   20.051369    0.000000    1194.610000       55.75
00001  20170216  174009000  199.797557    0.000000   19.872059    0.000000    1201.250000       55.92
00001  20170216  174010000  199.748579    0.000000   19.694376    0.000000    1207.900000       56.09
00001  20170216  174011000  199.700273    0.000000   19.518290    0.000000    1214.560000       56.26
00001  20170216  174012000  199.652668    0.000000   19.343679    0.000000    1221.220000       56.43
00001  20170216  174013000  199.605654    0.000000   19.170694    0.000000    1227.890000       56.60
00001  20170216  174014000  199.559262    0.000000   18.999214    0.000000    1234.570000       56.77
00001  20170216  174015000  199.513448    0.000000   18.829147    0.000000    1241.260000       56.93
00001  20170216  174016000  199.468249    0.000000   18.660585    0.000000    1247.960000       57.10
00001  20170216  174017000  199.423623    0.000000   18.493436    0.000000    1254.660000       57.26
00001  20170216  174018000  199.379682    0.000000   18.327762    0.000000    1261.370000       57.42
00001  20170216  174019000  199.336194    0.000000   18.163439    0.000000    1268.080000       57.58
00001  20170216  174020000  199.293272    0.000000   18.000529    0.000000    1274.810000       57.74
00001  20170216  174021000  199.250915    0.000000   17.839031    0.000000    1281.540000       57.89
00001  20170216  174022000  199.209150    0.000000   17.678825    0.000000    1288.270000       58.05
00001  20170216  174023000  199.167791    0.000000   17.519877    0.000000    1295.020000       58.20
00001  20170216  174024000  199.127062    0.000000   17.362312    0.000000    1301.770000       58.36
00001  20170216  174025000  199.086737    0.000000   17.206005    0.000000    1308.530000       58.51
00001  20170216  174026000  199.046997    0.000000   17.050989    0.000000    1315.290000       58.66
00001  20170216  174027000  199.007658    0.000000   16.897230    0.000000    1322.060000       58.81
00001  20170216  174028000  198.968818    0.000000   16.744579    0.000000    1328.830000       58.96
00001  20170216  174029000  198.930489    0.000000   16.593249    0.000000    1335.610000       59.11
00001  20170216  174030000  198.892627    0.000000   16.443146    0.000000    1342.400000       59.25
00001  20170216  174031000  198.855191    0.000000   16.294179    0.000000    1349.190000       59.40
00001  20170216  174032000  198.818179    0.000000   16.146348    0.000000    1355.990000       59.54
00001  20170216  174033000  198.781591    0.000000   15.999653    0.000000    1362.790000       59.68
00001  20170216  174034000  198.745466    0.000000   15.854185    0.000000    1369.600000       59.82
00001  20170216  174035000  198.709791    0.000000   15.709732    0.000000    1376.420000       59.97
00001  20170216  174036000  198.674536    0.000000   15.566415    0.000000    1383.240000       60.10
00001  20170216  174037000  198.639592    0.000000   15.424169    0.000000    1390.060000       60.24
00001  20170216  174038000  198.605135    0.000000   15.283030    0.000000    1396.890000       60.38
00001  20170216  174039000  198.571055    0.000000   15.142934    0.000000    1403.730000       60.52
00001  20170216  174040000  198.537352    0.000000   15.003881    0.000000    1410.570000       60.65
00001  20170216  174041000  198.504093    0.000000   14.865841    0.000000    1417.420000       60.79
00001  20170216  174042000  198.471100    0.000000   14.728781    0.000000    1424.270000       60.92
00001  20170216  174043000  198.438550    0.000000   14.592735    0.000000    1431.120000       61.05
00001  20170216  174044000  198.406374    0.000000   14.457731    0.000000    1437.980000       61.19
00001  20170216  174045000  198.374489    0.000000   14.323586    0.000000    1444.850000       61.32
00001  20170216  174046000  198.342978    0.000000   14.190482    0.000000    1451.710000       61.45
00001  20170216  174047000  198.311799    0.000000   14.058328    0.000000    1458.590000       61.57
00001  20170216  174048000  198.281018    0.000000   13.927096    0.000000    1465.460000       61.70
00001  20170216  174049000  198.250568    0.000000   13.796813    0.000000    1472.350000       61.83
00001  20170216  174050000  198.220407    0.000000   13.667387    0.000000    1479.230000       61.96
00001  20170216  174051000  198.190578    0.000000   13.538911    0.000000    1486.120000       62.08
00001  20170216  174052000  198.161037    0.000000   13.411291    0.000000    1493.020000       62.21
00001  20170216  174053000  198.131851    0.000000   13.284501    0.000000    1499.920000       62.33
00001  20170216  174054000  198.102953    0.000000   13.158568    0.000000    1506.820000       62.45
00001  20170216  174055000  198.074386    0.000000   13.033583    0.000000    1513.720000       62.57
00001  20170216  174056000  198.046065    0.000000   12.909363    0.000000    1520.630000       62.69
00001  20170216  174057000  198.018097    0.000000   12.785971    0.000000    1527.550000       62.81
00001  20170216  174058000  197.990417    0.000000   12.663435    0.000000    1534.470000       62.93
00001  20170216  174059000  197.963108    0.000000   12.541938    0.000000    1541.370000       63.05
00001  20170216  174100000  197.935963    0.000000   12.421022    0.000000    1548.300000       63.17
00001  20170216  174101000  197.909128    0.000000   12.300842    0.000000    1555.230000       63.29
00001  20170216  174102000  197.882540    0.000000   12.181426    0.000000    1562.160000       63.40
00001  20170216  174103000  197.856240    0.000000   12.062865    0.000000    1569.090000       63.52
00001  20170216  174104000  197.830144    0.000000   11.944976    0.000000    1576.030000       63.64
00001  20170216  174105000  197.804358    0.000000   11.827822    0.000000    1582.970000       63.75
00001  20170216  174106000  197.778860    0.000000   11.711523    0.000000    1589.920000       63.86
00001  20170216  174107000  197.753567    0.000000   11.595895    0.000000    1596.870000       63.98
00001  20170216  174108000  197.728542    0.000000   11.480910    0.000000    1603.820000       64.09
00001  20170216  174109000  197.703763    0.000000   11.366688    0.000000    1610.770000       64.20
00001  20170216  174110000  197.679231    0.000000   11.253228    0.000000    1617.730000       64.31
00001  20170216  174111000  197.654904    0.000000   11.140439    0.000000    1624.690000       64.42
00001  20170216  174112000  197.630844    0.000000   11.028292    0.000000    1631.660000       64.53
00001  20170216  174113000  197.606990    0.000000   10.916816    0.000000    1638.620000       64.64
00001  20170216  174114000  197.583444    0.000000   10.806074    0.000000    1645.590000       64.75
00001  20170216  174115000  197.560062    0.000000   10.695910    0.000000    1652.570000       64.86
00001  20170216  174116000  197.536927    0.000000   10.586508    0.000000    1659.540000       64.96
00001  20170216  174117000  197.513957    0.000000   10.477683    0.000000    1666.520000       65.07
00001  20170216  174118000  197.491253    0.000000   10.369500    0.000000    1673.500000       65.17
00001  20170216  174119000  197.468714    0.000000   10.261895    0.000000    1680.480000       65.28
00001  20170216  174120000  197.446484    0.000000   10.155023    0.000000    1687.470000       65.38
00001  20170216  174121000  197.424316    0.000000   10.048664    0.000000    1694.460000       65.49
00001  20170216  174122000  197.402474    0.000000    9.942920    0.000000    1701.450000       65.59
00001  20170216  174123000  197.380780    0.000000    9.837871    0.000000    1708.440000       65.69
00001  20170216  174124000  197.359311    0.000000    9.733372    0.000000    1715.440000       65.80
00001  20170216  174125000  197.338007    0.000000    9.629449    0.000000    1722.440000       65.90
00001  20170216  174126000  197.316929    0.000000    9.526076    0.000000    1729.440000       66.00
00001  20170216  174127000  197.296016    0.000000    9.423279    0.000000    1736.440000       66.10
00001  20170216  174128000  197.275370    0.000000    9.321123    0.000000    1743.450000       66.20
00001  20170216  174129000  197.254831    0.000000    9.219569    0.000000    1750.450000       66.30
00001  20170216  174130000  197.234475    0.000000    9.118474    0.000000    1757.460000       66.40
00001  20170216  174131000  197.214345    0.000000    9.017927    0.000000    1764.470000       66.49
00001  20170216  174132000  197.194339    0.000000    8.917865    0.000000    1771.490000       66.59
00001  20170216  174133000  197.174501    0.000000    8.818377    0.000000    1778.500000       66.69
00001  20170216  174134000  197.154888    0.000000    8.719439    0.000000    1785.520000       66.79
00001  20170216  174135000  197.135500    0.000000    8.621048    0.000000    1792.540000       66.88
00001  20170216  174136000  197.116138    0.000000    8.523077    0.000000    1799.570000       66.98
00001  20170216  174137000  197.097044    0.000000    8.425745    0.000000    1806.590000       67.07
00001  20170216  174138000  197.078091    0.000000    8.328778    0.000000    1813.620000       67.17
00001  20170216  174139000  197.059306    0.000000    8.232386    0.000000    1820.650000       67.26
00001  20170216  174140000  197.040648    0.000000    8.136477    0.000000    1827.680000       67.36
00001  20170216  174141000  197.022216    0.000000    8.041115    0.000000    1834.710000       67.45
00001  20170216  174142000  197.003868    0.000000    7.946145    0.000000    1841.740000       67.54
00001  20170216  174143000  196.985705    0.000000    7.851632    0.000000    1848.780000       67.63
00001  20170216  174144000  196.967711    0.000000    7.757691    0.000000    1855.820000       67.73
00001  20170216  174145000  196.949803    0.000000    7.664142    0.000000    1862.860000       67.82
00001  20170216  174146000  196.932121    0.000000    7.571140    0.000000    1869.900000       67.91
00001  20170216  174147000  196.914581    0.000000    7.478502    0.000000    1876.940000       68.00
00001  20170216  174148000  196.897169    0.000000    7.386346    0.000000    1883.990000       68.09
00001  20170216  174149000  196.879886    0.000000    7.294672    0.000000    1891.040000       68.18
00001  20170216  174150000  196.862745    0.000000    7.203363    0.000000    1898.080000       68.27
00001  20170216  174151000  196.845733    0.000000    7.112534    0.000000    1905.130000       68.36
00001  20170216  174152000  196.828907    0.000000    7.022161    0.000000    1912.180000       68.45
00001  20170216  174153000  196.812167    0.000000    6.932178    0.000000    1919.240000       68.53
00001  20170216  174154000  196.795612    0.000000    6.842649    0.000000    1926.290000       68.62
00001  20170216  174155000  196.779144    0.000000    6.753511    0.000000    1933.350000       68.71
00001  20170216  174156000  196.762863    0.000000    6.664827    0.000000    1940.410000       68.80
00001  20170216  174157000  196.746669    0.000000    6.576532    0.000000    1947.460000       68.88
00001  20170216  174158000  196.730617    0.000000    6.488602    0.000000    1954.520000       68.97
00001  20170216  174159000  196.714697    0.000000    6.401151    0.000000    1961.580000       69.05
00001  20170216  174200000  196.698921    0.000000    6.314064    0.000000    1968.640000       69.14
00001  20170216  174201000  196.683232    0.000000    6.227366    0.000000    1975.710000       69.22
00001  20170216  174202000  196.667687    0.000000    6.141031    0.000000    1982.770000       69.31
00001  20170216  174203000  196.652286    0.000000    6.055059    0.000000    1989.840000       69.39
00001  20170216  174204000  196.636920    0.000000    5.969502    0.000000    1996.910000       69.47
00001  20170216  174205000  196.621794    0.000000    5.884372    0.000000    2003.980000       69.56
00001  20170216  174206000  196.606716    0.000000    5.799540    0.000000    2011.050000       69.64
00001  20170216  174207000  196.591727    0.000000    5.715097    0.000000    2018.120000       69.72
00001  20170216  174208000  196.576882    0.000000    5.631016    0.000000    2025.190000       69.81
00001  20170216  174209000  196.562182    0.000000    5.547298    0.000000    2032.270000       69.89
00001  20170216  174210000  196.547572    0.000000    5.463967    0.000000    2039.340000       69.97
00001  20170216  174211000  196.533011    0.000000    5.380934    0.000000    2046.420000       70.05
00001  20170216  174212000  196.518593    0.000000    5.298263    0.000000    2053.500000       70.13
00001  20170216  174213000  196.504321    0.000000    5.215953    0.000000    2060.570000       70.21
00001  20170216  174214000  196.490140    0.000000    5.134032    0.000000    2067.650000       70.29
00001  20170216  174215000  196.476061    0.000000    5.052381    0.000000    2074.730000       70.37
