8006 LIJIANG                          
+100 01 45.432  +26 41 38.376   +3233.0


8006 LIJIANG                          
+100 01 48.032  +26 41 42.28   +3220.0


1009 ALI05M 
+83 04 25.106  +32 33 17.096   +5032.00



3109 XINGLONG 
+117 34 38.852  +40 23 45.12   +892.97


1009 ALI05M 
+83 04 25.106  +32 33 17.096   +5032.00



8006 LIJIANG                          
+100 01 48.032  +26 41 42.28   +3220.0


3109 XINGLONG 
+117 34 38.852  +40 23 45.12   +892.97


1009 ALI05M 
+83 04 25.106  +32 33 17.096   +5032.00




          



X（米）　－２２５２２４６．７４４４
Y（米）　　４３１２２８１．８５５７
Z（米）　　４１１２１３８．９１５３

大地坐标（WGS84椭球）
４０度　２３分　４５．１１７７４秒
１１７度　３４分　３８．８５２７９秒
海拔　８９２．９７２２米